Random Variable X: the rolls are sorted as a vector
			Sample		perm..	comb..	cum..	0	1	2

0 >>		1-1-1-1-1-1-1:		1		1		1		0		0		0		0		0		0		0		1		
1 >>		2-1-1-1-1-1-1:		7		1		8		0		0		0		0		0		0		0		1		
2 >>		2-2-1-1-1-1-1:		21		1		29		0		0		0		0		0		0		0.0003		0.9997		
3 >>		2-2-2-1-1-1-1:		35		1		64		0		0		0		0		0		0.0006		0.0018		0.9976		
4 >>		2-2-2-2-1-1-1:		35		1		99		0		0		0		0		0.0002		0.0029		0.0152		0.9817		
5 >>		2-2-2-2-2-1-1:		21		1		120		0		0		0		0.0001		0.0019		0.0155		0.0797		0.9028		
6 >>		2-2-2-2-2-2-1:		7		1		127		0		0		0.0002		0.0019		0.0176		0.0754		0.2432		0.6617		
7 >>		2-2-2-2-2-2-2:		1		1		128		0		0.0004		0.0019		0.0165		0.0806		0.2303		0.392		0.2783		
8 >>		3-1-1-1-1-1-1:		7		1		135		0		0		0		0		0		0		0.0001		0.9999		
9 >>		3-2-1-1-1-1-1:		42		1		177		0		0		0		0		0		0		0.0004		0.9996		
10 >>		3-2-2-1-1-1-1:		105		1		282		0		0		0		0		0		0.0003		0.0021		0.9976		
11 >>		3-2-2-2-1-1-1:		140		1		422		0		0		0		0.0001		0		0.0016		0.0156		0.9827		
12 >>		3-2-2-2-2-1-1:		105		1		527		0		0		0.0001		0.0001		0.0021		0.0169		0.0742		0.9066		
13 >>		3-2-2-2-2-2-1:		42		1		569		0		0		0.0001		0.0017		0.0169		0.0788		0.2386		0.6639		
14 >>		3-2-2-2-2-2-2:		7		1		576		0		0		0.0016		0.0128		0.077		0.2378		0.3903		0.2805		
15 >>		3-3-1-1-1-1-1:		21		1		597		0		0		0		0		0		0.0006		0.0069		0.9925		
16 >>		3-3-2-1-1-1-1:		105		1		702		0		0		0		0		0		0.0015		0.0078		0.9907		
17 >>		3-3-2-2-1-1-1:		210		1		912		0		0		0		0.0002		0.0017		0.0032		0.0161		0.9788		
18 >>		3-3-2-2-2-1-1:		210		1		1122		0		0		0		0.0008		0.0028		0.0174		0.073		0.906		
19 >>		3-3-2-2-2-2-1:		105		1		1227		0		0.0001		0.0007		0.0023		0.0194		0.0747		0.2289		0.6739		
20 >>		3-3-2-2-2-2-2:		21		1		1248		0		0.0008		0.0016		0.0172		0.0766		0.2321		0.3839		0.2878		
21 >>		3-3-3-1-1-1-1:		35		1		1283		0		0		0		0		0.0005		0.0058		0.0388		0.9549		
22 >>		3-3-3-2-1-1-1:		140		1		1423		0		0		0		0.0005		0.0018		0.0129		0.0382		0.9466		
23 >>		3-3-3-2-2-1-1:		210		1		1633		0		0		0.0002		0.0025		0.0084		0.0219		0.0836		0.8834		
24 >>		3-3-3-2-2-2-1:		140		1		1773		0		0.0001		0.0023		0.0103		0.0219		0.0784		0.2277		0.6593		
25 >>		3-3-3-2-2-2-2:		35		1		1808		0		0.0025		0.0094		0.0188		0.073		0.2249		0.384		0.2874		
26 >>		3-3-3-3-1-1-1:		35		1		1843		0		0		0		0.0006		0.0079		0.0404		0.1285		0.8226		
27 >>		3-3-3-3-2-1-1:		105		1		1948		0		0		0.0002		0.0044		0.0229		0.0587		0.1235		0.7903		
28 >>		3-3-3-3-2-2-1:		105		1		2053		0		0.0002		0.0045		0.0215		0.0526		0.0918		0.2078		0.6216		
29 >>		3-3-3-3-2-2-2:		35		1		2088		0.0008		0.0041		0.0184		0.0488		0.0862		0.2078		0.3659		0.268		
30 >>		3-3-3-3-3-1-1:		21		1		2109		0		0		0.0001		0.0059		0.0341		0.1299		0.2612		0.5688		
31 >>		3-3-3-3-3-2-1:		42		1		2151		0		0.0005		0.007		0.0316		0.0929		0.1702		0.2071		0.4907		
32 >>		3-3-3-3-3-2-2:		21		1		2172		0.0002		0.005		0.0326		0.0912		0.1587		0.1812		0.3001		0.231		
33 >>		3-3-3-3-3-3-1:		7		1		2179		0		0.0005		0.0078		0.0359		0.1275		0.2648		0.3055		0.258		
34 >>		3-3-3-3-3-3-2:		7		1		2186		0.0003		0.0062		0.0377		0.1246		0.2297		0.2612		0.178		0.1623		
35 >>		3-3-3-3-3-3-3:		1		1		2187		0.0005		0.0059		0.0342		0.1268		0.2609		0.3055		0.2082		0.058		
36 >>		4-1-1-1-1-1-1:		7		1		2194		0		0		0		0		0		0		0.0079		0.9921		
37 >>		4-2-1-1-1-1-1:		42		1		2236		0		0		0		0		0		0.0001		0.0072		0.9927		
38 >>		4-2-2-1-1-1-1:		105		1		2341		0		0		0		0		0		0.0002		0.0085		0.9913		
39 >>		4-2-2-2-1-1-1:		140		1		2481		0		0		0		0		0.0005		0.0021		0.0253		0.9721		
40 >>		4-2-2-2-2-1-1:		105		1		2586		0		0		0.0001		0.0003		0.0027		0.0154		0.0763		0.9052		
41 >>		4-2-2-2-2-2-1:		42		1		2628		0		0.0001		0.0004		0.003		0.0152		0.0814		0.2284		0.6715		
42 >>		4-2-2-2-2-2-2:		7		1		2635		0		0.0005		0.0021		0.0172		0.0792		0.231		0.3886		0.2814		
43 >>		4-3-1-1-1-1-1:		42		1		2677		0		0		0		0		0		0.0022		0.0104		0.9874		
44 >>		4-3-2-1-1-1-1:		210		1		2887		0		0		0		0		0.0005		0.0028		0.0109		0.9858		
45 >>		4-3-2-2-1-1-1:		420		1		3307		0		0		0		0.0002		0.0016		0.0042		0.0245		0.9695		
46 >>		4-3-2-2-2-1-1:		420		1		3727		0		0		0.0002		0.0012		0.0023		0.0179		0.084		0.8944		
47 >>		4-3-2-2-2-2-1:		210		1		3937		0		0.0002		0.001		0.0035		0.0169		0.08		0.234		0.6644		
48 >>		4-3-2-2-2-2-2:		42		1		3979		0.0004		0.0014		0.0031		0.0159		0.077		0.2301		0.386		0.2861		
49 >>		4-3-3-1-1-1-1:		105		1		4084		0		0		0		0		0.0021		0.0086		0.044		0.9453		
50 >>		4-3-3-2-1-1-1:		420		1		4504		0		0		0		0.001		0.0028		0.0123		0.0412		0.9427		
51 >>		4-3-3-2-2-1-1:		630		1		5134		0		0		0.0006		0.0026		0.0101		0.0244		0.0824		0.8799		
52 >>		4-3-3-2-2-2-1:		420		1		5554		0		0.0011		0.003		0.0087		0.0222		0.0768		0.2269		0.6613		
53 >>		4-3-3-2-2-2-2:		105		1		5659		0.0004		0.0026		0.0079		0.0241		0.0793		0.2257		0.381		0.279		
54 >>		4-3-3-3-1-1-1:		140		1		5799		0		0		0		0.0018		0.0075		0.0346		0.1312		0.8249		
55 >>		4-3-3-3-2-1-1:		420		1		6219		0		0		0.0011		0.0042		0.0224		0.0605		0.1188		0.793		
56 >>		4-3-3-3-2-2-1:		420		1		6639		0		0.0012		0.0054		0.0187		0.052		0.09		0.2162		0.6165		
57 >>		4-3-3-3-2-2-2:		140		1		6779		0.0011		0.0044		0.0192		0.0538		0.0802		0.2072		0.3658		0.2683		
58 >>		4-3-3-3-3-1-1:		105		1		6884		0		0		0.0016		0.0078		0.0398		0.1287		0.2527		0.5694		
59 >>		4-3-3-3-3-2-1:		210		1		7094		0		0.0027		0.007		0.0293		0.0955		0.1697		0.2016		0.4942		
60 >>		4-3-3-3-3-2-2:		105		1		7199		0.0021		0.008		0.0312		0.0923		0.1648		0.1765		0.2912		0.2339		
61 >>		4-3-3-3-3-3-1:		42		1		7241		0		0.0021		0.0074		0.0393		0.1256		0.249		0.312		0.2646		
62 >>		4-3-3-3-3-3-2:		42		1		7283		0.0026		0.0087		0.0385		0.1215		0.2297		0.2528		0.1801		0.1661		
63 >>		4-3-3-3-3-3-3:		7		1		7290		0.0018		0.008		0.0359		0.1314		0.2546		0.3025		0.2092		0.0566		
64 >>		4-4-1-1-1-1-1:		21		1		7311		0		0		0		0		0		0.0066		0.0538		0.9396		
65 >>		4-4-2-1-1-1-1:		105		1		7416		0		0		0		0		0.0004		0.0065		0.056		0.9371		
66 >>		4-4-2-2-1-1-1:		210		1		7626		0		0		0		0.0005		0.0021		0.011		0.0597		0.9267		
67 >>		4-4-2-2-2-1-1:		210		1		7836		0		0		0.0001		0.002		0.0066		0.0265		0.1061		0.8587		
68 >>		4-4-2-2-2-2-1:		105		1		7941		0		0.0002		0.0019		0.007		0.0217		0.0845		0.2323		0.6524		
69 >>		4-4-2-2-2-2-2:		21		1		7962		0.0004		0.0014		0.0087		0.0238		0.0795		0.2322		0.3836		0.2704		
70 >>		4-4-3-1-1-1-1:		105		1		8067		0		0		0		0		0.0051		0.0212		0.0559		0.9178		
71 >>		4-4-3-2-1-1-1:		420		1		8487		0		0		0		0.0013		0.0081		0.0254		0.0599		0.9053		
72 >>		4-4-3-2-2-1-1:		630		1		9117		0		0		0.0007		0.0056		0.0127		0.0303		0.0986		0.8521		
73 >>		4-4-3-2-2-2-1:		420		1		9537		0		0.001		0.0058		0.0134		0.0263		0.0843		0.2346		0.6346		
74 >>		4-4-3-2-2-2-2:		105		1		9642		0.0012		0.0068		0.0127		0.0245		0.0814		0.2224		0.3852		0.2658		
75 >>		4-4-3-3-1-1-1:		210		1		9852		0		0		0		0.0048		0.021		0.0454		0.128		0.8008		
76 >>		4-4-3-3-2-1-1:		630		1		10482		0		0		0.0019		0.0116		0.0272		0.0616		0.117		0.7807		
77 >>		4-4-3-3-2-2-1:		630		1		11112		0		0.0032		0.0126		0.0239		0.0522		0.0884		0.2132		0.6065		
78 >>		4-4-3-3-2-2-2:		210		1		11322		0.0029		0.0112		0.0222		0.053		0.0853		0.2005		0.3599		0.265		
79 >>		4-4-3-3-3-1-1:		210		1		11532		0		0		0.0047		0.0205		0.0378		0.1233		0.2491		0.5646		
80 >>		4-4-3-3-3-2-1:		420		1		11952		0		0.0036		0.0192		0.034		0.0915		0.1612		0.1987		0.4918		
81 >>		4-4-3-3-3-2-2:		210		1		12162		0.0037		0.0179		0.0336		0.0899		0.162		0.1745		0.2852		0.2332		
82 >>		4-4-3-3-3-3-1:		105		1		12267		0		0.0044		0.0212		0.0401		0.1159		0.2445		0.3026		0.2713		
83 >>		4-4-3-3-3-3-2:		105		1		12372		0.0036		0.0182		0.0371		0.1112		0.2305		0.2551		0.1835		0.1608		
84 >>		4-4-3-3-3-3-3:		21		1		12393		0.0037		0.0234		0.0415		0.1235		0.2532		0.2922		0.2029		0.0596		
85 >>		4-4-4-1-1-1-1:		35		1		12428		0		0		0		0		0.0066		0.053		0.1522		0.7882		
86 >>		4-4-4-2-1-1-1:		140		1		12568		0		0		0		0.0012		0.0124		0.0599		0.1607		0.7658		
87 >>		4-4-4-2-2-1-1:		210		1		12778		0		0		0.001		0.0072		0.0234		0.0656		0.1641		0.7387		
88 >>		4-4-4-2-2-2-1:		140		1		12918		0		0.0016		0.0055		0.0213		0.0524		0.1147		0.2314		0.5731		
89 >>		4-4-4-2-2-2-2:		35		1		12953		0.0014		0.007		0.0206		0.0507		0.1027		0.2203		0.3461		0.2512		
90 >>		4-4-4-3-1-1-1:		140		1		13093		0		0		0		0.0062		0.039		0.0931		0.1421		0.7196		
91 >>		4-4-4-3-2-1-1:		420		1		13513		0		0		0.0028		0.0179		0.0529		0.0899		0.1414		0.6951		
92 >>		4-4-4-3-2-2-1:		420		1		13933		0		0.0028		0.0165		0.0447		0.0622		0.1059		0.2124		0.5555		
93 >>		4-4-4-3-2-2-2:		140		1		14073		0.0031		0.0177		0.0418		0.0665		0.0963		0.1927		0.3343		0.2476		
94 >>		4-4-4-3-3-1-1:		210		1		14283		0		0		0.0064		0.0361		0.0936		0.1108		0.2274		0.5257		
95 >>		4-4-4-3-3-2-1:		420		1		14703		0		0.0051		0.0263		0.0669		0.097		0.1489		0.194		0.4618		
96 >>		4-4-4-3-3-2-2:		210		1		14913		0.0052		0.029		0.0702		0.0864		0.1467		0.1668		0.268		0.2277		
97 >>		4-4-4-3-3-3-1:		140		1		15053		0		0.0067		0.0365		0.0854		0.1094		0.2165		0.2842		0.2613		
98 >>		4-4-4-3-3-3-2:		140		1		15193		0.0062		0.0379		0.0858		0.1111		0.1928		0.236		0.1698		0.1604		
99 >>		4-4-4-3-3-3-3:		35		1		15228		0.0067		0.0372		0.0871		0.1142		0.2236		0.2827		0.1924		0.0561		
100 >>		4-4-4-4-1-1-1:		35		1		15263		0		0		0		0.0081		0.0515		0.172		0.2661		0.5023		
101 >>		4-4-4-4-2-1-1:		105		1		15368		0		0		0.0025		0.0204		0.0743		0.1591		0.2539		0.4898		
102 >>		4-4-4-4-2-2-1:		105		1		15473		0		0.0037		0.018		0.052		0.1002		0.1676		0.239		0.4195		
103 >>		4-4-4-4-2-2-2:		35		1		15508		0.0037		0.0213		0.0563		0.1019		0.145		0.2116		0.2627		0.1975		
104 >>		4-4-4-4-3-1-1:		105		1		15613		0		0		0.0061		0.0478		0.1335		0.1992		0.1921		0.4213		
105 >>		4-4-4-4-3-2-1:		210		1		15823		0		0.0058		0.0352		0.0946		0.1551		0.1606		0.1814		0.3673		
106 >>		4-4-4-4-3-2-2:		105		1		15928		0.0054		0.0331		0.0903		0.1347		0.1566		0.1636		0.2228		0.1935		
107 >>		4-4-4-4-3-3-1:		105		1		16033		0		0.0062		0.0507		0.1419		0.1918		0.1663		0.2216		0.2215		
108 >>		4-4-4-4-3-3-2:		105		1		16138		0.0061		0.0432		0.1268		0.1783		0.1597		0.1937		0.152		0.1402		
109 >>		4-4-4-4-3-3-3:		35		1		16173		0.0061		0.05		0.1369		0.1866		0.1696		0.2235		0.1733		0.054		
110 >>		4-4-4-4-4-1-1:		21		1		16194		0		0		0.0073		0.0532		0.1676		0.2712		0.2731		0.2276		
111 >>		4-4-4-4-4-2-1:		42		1		16236		0		0.0062		0.0388		0.1085		0.1882		0.2345		0.2211		0.2027		
112 >>		4-4-4-4-4-2-2:		21		1		16257		0.0055		0.0401		0.1056		0.1701		0.1978		0.1833		0.1711		0.1265		
113 >>		4-4-4-4-4-3-1:		42		1		16299		0		0.0075		0.0518		0.1572		0.2484		0.2367		0.1445		0.1539		
114 >>		4-4-4-4-4-3-2:		42		1		16341		0.0067		0.0485		0.1466		0.224		0.2166		0.1485		0.1107		0.0984		
115 >>		4-4-4-4-4-3-3:		21		1		16362		0.0069		0.0532		0.158		0.2515		0.2326		0.1413		0.1156		0.0409		
116 >>		4-4-4-4-4-4-1:		7		1		16369		0		0.008		0.0557		0.1604		0.2813		0.2734		0.1571		0.0641		
117 >>		4-4-4-4-4-4-2:		7		1		16376		0.008		0.0507		0.147		0.2369		0.2488		0.1725		0.0929		0.0432		
118 >>		4-4-4-4-4-4-3:		7		1		16383		0.0072		0.0577		0.161		0.276		0.2594		0.1539		0.0569		0.0279		
119 >>		4-4-4-4-4-4-4:		1		1		16384		0.0068		0.0528		0.1639		0.2691		0.2808		0.1619		0.0578		0.0069		
120 >>		5-1-1-1-1-1-1:		7		1		16391		0		0		0		0		0		0		0.0528		0.9472		
121 >>		5-2-1-1-1-1-1:		42		1		16433		0		0		0		0		0		0		0.058		0.942		
122 >>		5-2-2-1-1-1-1:		105		1		16538		0		0		0		0		0.0001		0.0007		0.0553		0.9439		
123 >>		5-2-2-2-1-1-1:		140		1		16678		0		0		0		0		0.0008		0.0041		0.0672		0.9279		
124 >>		5-2-2-2-2-1-1:		105		1		16783		0		0		0		0.0007		0.0042		0.0258		0.1148		0.8545		
125 >>		5-2-2-2-2-2-1:		42		1		16825		0		0.0002		0.0006		0.0041		0.0229		0.0834		0.2418		0.647		
126 >>		5-2-2-2-2-2-2:		7		1		16832		0.0004		0.0008		0.005		0.0209		0.0869		0.2407		0.3832		0.2621		
127 >>		5-3-1-1-1-1-1:		42		1		16874		0		0		0		0		0		0.0036		0.0575		0.9389		
128 >>		5-3-2-1-1-1-1:		210		1		17084		0		0		0		0		0.0005		0.0035		0.0631		0.9329		
129 >>		5-3-2-2-1-1-1:		420		1		17504		0		0		0		0.0006		0.0023		0.0071		0.0651		0.9249		
130 >>		5-3-2-2-2-1-1:		420		1		17924		0		0		0.001		0.0015		0.0048		0.0192		0.1116		0.8619		
131 >>		5-3-2-2-2-2-1:		210		1		18134		0		0.0006		0.0015		0.0056		0.0216		0.0815		0.2406		0.6486		
132 >>		5-3-2-2-2-2-2:		42		1		18176		0.0004		0.0014		0.0045		0.0185		0.0838		0.2344		0.383		0.274		
133 >>		5-3-3-1-1-1-1:		105		1		18281		0		0		0		0		0.0026		0.0135		0.07		0.9139		
134 >>		5-3-3-2-1-1-1:		420		1		18701		0		0		0		0.001		0.006		0.0141		0.0765		0.9024		
135 >>		5-3-3-2-2-1-1:		630		1		19331		0		0		0.0014		0.0045		0.0124		0.0271		0.11		0.8446		
136 >>		5-3-3-2-2-2-1:		420		1		19751		0		0.0014		0.0041		0.0105		0.0278		0.079		0.233		0.6442		
137 >>		5-3-3-2-2-2-2:		105		1		19856		0.0008		0.0033		0.0138		0.0274		0.0853		0.2357		0.3675		0.2662		
138 >>		5-3-3-3-1-1-1:		140		1		19996		0		0		0		0.0042		0.0126		0.0435		0.1456		0.7941		
139 >>		5-3-3-3-2-1-1:		420		1		20416		0		0		0.0022		0.0068		0.0266		0.0646		0.1313		0.7685		
140 >>		5-3-3-3-2-2-1:		420		1		20836		0		0.0025		0.0077		0.0246		0.0524		0.0867		0.221		0.6051		
141 >>		5-3-3-3-2-2-2:		140		1		20976		0.0029		0.0086		0.0234		0.0511		0.0895		0.2088		0.3459		0.2698		
142 >>		5-3-3-3-3-1-1:		105		1		21081		0		0		0.0034		0.0125		0.0415		0.1331		0.2456		0.5639		
143 >>		5-3-3-3-3-2-1:		210		1		21291		0		0.0036		0.0104		0.0366		0.093		0.1619		0.2066		0.4879		
144 >>		5-3-3-3-3-2-2:		105		1		21396		0.0036		0.0107		0.0379		0.0925		0.1562		0.1815		0.2835		0.2341		
145 >>		5-3-3-3-3-3-1:		42		1		21438		0		0.0034		0.0118		0.0449		0.1277		0.2506		0.3016		0.26		
146 >>		5-3-3-3-3-3-2:		42		1		21480		0.0046		0.0144		0.0459		0.1182		0.2227		0.2522		0.1832		0.1588		
147 >>		5-3-3-3-3-3-3:		7		1		21487		0.0036		0.0127		0.0464		0.1283		0.2503		0.2986		0.2031		0.057		
148 >>		5-4-1-1-1-1-1:		42		1		21529		0		0		0		0		0		0.0246		0.068		0.9074		
149 >>		5-4-2-1-1-1-1:		210		1		21739		0		0		0		0		0.0005		0.0277		0.0679		0.9039		
150 >>		5-4-2-2-1-1-1:		420		1		22159		0		0		0		0.0006		0.0034		0.0242		0.075		0.8968		
151 >>		5-4-2-2-2-1-1:		420		1		22579		0		0		0.001		0.0037		0.0098		0.0383		0.1087		0.8385		
152 >>		5-4-2-2-2-2-1:		210		1		22789		0		0.0005		0.004		0.0095		0.033		0.0848		0.2352		0.633		
153 >>		5-4-2-2-2-2-2:		42		1		22831		0.0003		0.0041		0.0105		0.0268		0.0908		0.2213		0.3708		0.2754		
154 >>		5-4-3-1-1-1-1:		210		1		23041		0		0		0		0		0.0112		0.0287		0.0745		0.8856		
155 >>		5-4-3-2-1-1-1:		840		1		23881		0		0		0		0.0027		0.0124		0.0297		0.0757		0.8795		
156 >>		5-4-3-2-2-1-1:		1260		1		25141		0		0		0.0023		0.0075		0.016		0.039		0.1126		0.8226		
157 >>		5-4-3-2-2-2-1:		840		1		25981		0		0.0025		0.007		0.015		0.0302		0.0871		0.2284		0.6298		
158 >>		5-4-3-2-2-2-2:		210		1		26191		0.003		0.0077		0.0165		0.0292		0.0857		0.2239		0.3689		0.2651		
159 >>		5-4-3-3-1-1-1:		420		1		26611		0		0		0		0.0113		0.0213		0.0452		0.1281		0.7941		
160 >>		5-4-3-3-2-1-1:		1260		1		27871		0		0		0.0068		0.0159		0.0301		0.0669		0.134		0.7463		
161 >>		5-4-3-3-2-2-1:		1260		1		29131		0		0.0066		0.013		0.0261		0.0563		0.0933		0.2199		0.5848		
162 >>		5-4-3-3-2-2-2:		420		1		29551		0.007		0.0138		0.0257		0.0523		0.0874		0.2072		0.3499		0.2567		
163 >>		5-4-3-3-3-1-1:		420		1		29971		0		0		0.0103		0.0271		0.0435		0.1177		0.2524		0.549		
164 >>		5-4-3-3-3-2-1:		840		1		30811		0		0.0081		0.0192		0.0357		0.0953		0.1627		0.1993		0.4797		
165 >>		5-4-3-3-3-2-2:		420		1		31231		0.0099		0.0204		0.0345		0.0915		0.1573		0.1733		0.2731		0.24		
166 >>		5-4-3-3-3-3-1:		210		1		31441		0		0.0119		0.0232		0.0448		0.1204		0.2472		0.2966		0.2559		
167 >>		5-4-3-3-3-3-2:		210		1		31651		0.0106		0.0255		0.0413		0.1134		0.2195		0.2499		0.1833		0.1565		
168 >>		5-4-3-3-3-3-3:		42		1		31693		0.012		0.0217		0.0479		0.1206		0.2492		0.294		0.1983		0.0563		
169 >>		5-4-4-1-1-1-1:		105		1		31798		0		0		0		0		0.0258		0.0519		0.166		0.7563		
170 >>		5-4-4-2-1-1-1:		420		1		32218		0		0		0		0.0039		0.0265		0.054		0.1576		0.758		
171 >>		5-4-4-2-2-1-1:		630		1		32848		0		0		0.0033		0.0104		0.0363		0.0647		0.1656		0.7197		
172 >>		5-4-4-2-2-2-1:		420		1		33268		0		0.0028		0.0111		0.0278		0.0527		0.108		0.2366		0.561		
173 >>		5-4-4-2-2-2-2:		105		1		33373		0.002		0.0096		0.0226		0.0556		0.106		0.2119		0.34		0.2523		
174 >>		5-4-4-3-1-1-1:		420		1		33793		0		0		0		0.0201		0.0397		0.091		0.1473		0.7019		
175 >>		5-4-4-3-2-1-1:		1260		1		35053		0		0		0.0078		0.0262		0.0558		0.0836		0.1456		0.681		
176 >>		5-4-4-3-2-2-1:		1260		1		36313		0		0.008		0.0211		0.0459		0.074		0.107		0.204		0.54		
177 >>		5-4-4-3-2-2-2:		420		1		36733		0.0096		0.0226		0.044		0.0615		0.094		0.1887		0.3263		0.2533		
178 >>		5-4-4-3-3-1-1:		630		1		37363		0		0		0.0176		0.0366		0.0827		0.1089		0.2255		0.5287		
179 >>		5-4-4-3-3-2-1:		1260		1		38623		0		0.0141		0.0292		0.0662		0.0923		0.1549		0.1852		0.4581		
180 >>		5-4-4-3-3-2-2:		630		1		39253		0.0169		0.0289		0.0681		0.088		0.1418		0.1655		0.2687		0.2221		
181 >>		5-4-4-3-3-3-1:		420		1		39673		0		0.0194		0.0408		0.0831		0.1089		0.2085		0.2834		0.2559		
182 >>		5-4-4-3-3-3-2:		420		1		40093		0.0173		0.0354		0.0872		0.1066		0.1923		0.241		0.1629		0.1573		
183 >>		5-4-4-3-3-3-3:		105		1		40198		0.0197		0.0378		0.0853		0.106		0.2194		0.2782		0.1946		0.059		
184 >>		5-4-4-4-1-1-1:		140		1		40338		0		0		0		0.029		0.0543		0.1515		0.2699		0.4953		
185 >>		5-4-4-4-2-1-1:		420		1		40758		0		0		0.0111		0.0328		0.0669		0.1503		0.255		0.4839		
186 >>		5-4-4-4-2-2-1:		420		1		41178		0		0.0091		0.0218		0.0546		0.0994		0.1645		0.2373		0.4133		
187 >>		5-4-4-4-2-2-2:		140		1		41318		0.0082		0.0237		0.0559		0.0962		0.1463		0.207		0.2676		0.1951		
188 >>		5-4-4-4-3-1-1:		420		1		41738		0		0		0.0247		0.0469		0.129		0.1875		0.189		0.4229		
189 >>		5-4-4-4-3-2-1:		840		1		42578		0		0.0159		0.0374		0.0963		0.1482		0.1551		0.1715		0.3756		
190 >>		5-4-4-4-3-2-2:		420		1		42998		0.0167		0.0371		0.0888		0.1329		0.1435		0.1678		0.2251		0.1881		
191 >>		5-4-4-4-3-3-1:		420		1		43418		0		0.0234		0.0503		0.1199		0.1873		0.1708		0.2247		0.2236		
192 >>		5-4-4-4-3-3-2:		420		1		43838		0.0238		0.0433		0.1226		0.177		0.1549		0.1899		0.1494		0.1391		
193 >>		5-4-4-4-3-3-3:		140		1		43978		0.0257		0.0467		0.1336		0.1794		0.162		0.2307		0.1685		0.0534		
194 >>		5-4-4-4-4-1-1:		105		1		44083		0		0		0.0254		0.0539		0.1565		0.2624		0.2694		0.2324		
195 >>		5-4-4-4-4-2-1:		210		1		44293		0		0.0184		0.0456		0.108		0.182		0.2288		0.2204		0.1968		
196 >>		5-4-4-4-4-2-2:		105		1		44398		0.0178		0.0405		0.0938		0.1686		0.2026		0.1913		0.1721		0.1133		
197 >>		5-4-4-4-4-3-1:		210		1		44608		0		0.0266		0.0526		0.1495		0.2393		0.2348		0.1459		0.1513		
198 >>		5-4-4-4-4-3-2:		210		1		44818		0.024		0.0537		0.1375		0.2175		0.2103		0.1407		0.1161		0.1002		
199 >>		5-4-4-4-4-3-3:		105		1		44923		0.0253		0.0555		0.152		0.2426		0.2255		0.1365		0.1197		0.0429		
200 >>		5-4-4-4-4-4-1:		42		1		44965		0		0.0282		0.0538		0.1514		0.2642		0.2711		0.1708		0.0605		
201 >>		5-4-4-4-4-4-2:		42		1		45007		0.0225		0.0532		0.1402		0.2385		0.2408		0.1701		0.0905		0.0442		
202 >>		5-4-4-4-4-4-3:		42		1		45049		0.0255		0.0521		0.1614		0.2649		0.2596		0.1569		0.0541		0.0255		
203 >>		5-4-4-4-4-4-4:		7		1		45056		0.0269		0.057		0.1617		0.2649		0.2678		0.1599		0.0536		0.0082		
204 >>		5-5-1-1-1-1-1:		21		1		45077		0		0		0		0		0		0.0579		0.2105		0.7316		
205 >>		5-5-2-1-1-1-1:		105		1		45182		0		0		0		0		0.0008		0.0586		0.2128		0.7278		
206 >>		5-5-2-2-1-1-1:		210		1		45392		0		0		0		0.0009		0.0045		0.061		0.1991		0.7345		
207 >>		5-5-2-2-2-1-1:		210		1		45602		0		0		0.0009		0.0042		0.0165		0.0781		0.2107		0.6896		
208 >>		5-5-2-2-2-2-1:		105		1		45707		0		0.0008		0.0042		0.0161		0.0518		0.1188		0.2719		0.5364		
209 >>		5-5-2-2-2-2-2:		21		1		45728		0.0007		0.0041		0.0182		0.0496		0.1208		0.2289		0.3396		0.2381		
210 >>		5-5-3-1-1-1-1:		105		1		45833		0		0		0		0		0.0125		0.0672		0.1907		0.7296		
211 >>		5-5-3-2-1-1-1:		420		1		46253		0		0		0		0.0037		0.0162		0.0676		0.1882		0.7243		
212 >>		5-5-3-2-2-1-1:		630		1		46883		0		0		0.002		0.0097		0.0247		0.0761		0.2044		0.6831		
213 >>		5-5-3-2-2-2-1:		420		1		47303		0		0.0026		0.0093		0.022		0.0529		0.1243		0.2631		0.5258		
214 >>		5-5-3-2-2-2-2:		105		1		47408		0.0033		0.0095		0.0221		0.0501		0.1159		0.2286		0.3333		0.2372		
215 >>		5-5-3-3-1-1-1:		210		1		47618		0		0		0		0.0131		0.0367		0.082		0.2013		0.6669		
216 >>		5-5-3-3-2-1-1:		630		1		48248		0		0		0.0066		0.0227		0.0405		0.0952		0.1932		0.6418		
217 >>		5-5-3-3-2-2-1:		630		1		48878		0		0.0055		0.0177		0.038		0.0659		0.1105		0.239		0.5234		
218 >>		5-5-3-3-2-2-2:		210		1		49088		0.0072		0.0199		0.0364		0.0668		0.1088		0.216		0.3133		0.2316		
219 >>		5-5-3-3-3-1-1:		210		1		49298		0		0		0.0128		0.0411		0.0734		0.1364		0.2437		0.4926		
220 >>		5-5-3-3-3-2-1:		420		1		49718		0		0.0111		0.0298		0.0592		0.1049		0.1545		0.211		0.4295		
221 >>		5-5-3-3-3-2-2:		210		1		49928		0.0114		0.0329		0.057		0.1034		0.1491		0.1787		0.2558		0.2117		
222 >>		5-5-3-3-3-3-1:		105		1		50033		0		0.014		0.0356		0.0726		0.1352		0.2282		0.2799		0.2345		
223 >>		5-5-3-3-3-3-2:		105		1		50138		0.0136		0.0361		0.0745		0.1261		0.2034		0.2342		0.1685		0.1436		
224 >>		5-5-3-3-3-3-3:		21		1		50159		0.0154		0.0363		0.0717		0.1409		0.2278		0.2662		0.1857		0.056		
225 >>		5-5-4-1-1-1-1:		105		1		50264		0		0		0		0		0.0422		0.1246		0.1722		0.661		
226 >>		5-5-4-2-1-1-1:		420		1		50684		0		0		0		0.0039		0.0468		0.1209		0.166		0.6624		
227 >>		5-5-4-2-2-1-1:		630		1		51314		0		0		0.0039		0.0142		0.0569		0.1191		0.1728		0.6331		
228 >>		5-5-4-2-2-2-1:		420		1		51734		0		0.0048		0.0172		0.0408		0.0762		0.1341		0.2286		0.4983		
229 >>		5-5-4-2-2-2-2:		105		1		51839		0.0035		0.0149		0.041		0.0797		0.1226		0.2087		0.3146		0.215		
230 >>		5-5-4-3-1-1-1:		420		1		52259		0		0		0		0.0271		0.0783		0.1059		0.1603		0.6284		
231 >>		5-5-4-3-2-1-1:		1260		1		53519		0		0		0.0118		0.0422		0.0683		0.1072		0.1657		0.6048		
232 >>		5-5-4-3-2-2-1:		1260		1		54779		0		0.0118		0.0337		0.0525		0.0764		0.1226		0.212		0.491		
233 >>		5-5-4-3-2-2-2:		420		1		55199		0.0115		0.0336		0.0545		0.0761		0.1139		0.1873		0.3061		0.217		
234 >>		5-5-4-3-3-1-1:		630		1		55829		0		0		0.0297		0.0696		0.0837		0.1294		0.2096		0.478		
235 >>		5-5-4-3-3-2-1:		1260		1		57089		0		0.0172		0.0561		0.0765		0.097		0.1467		0.1951		0.4114		
236 >>		5-5-4-3-3-2-2:		630		1		57719		0.023		0.0582		0.0685		0.0871		0.1313		0.1719		0.254		0.206		
237 >>		5-5-4-3-3-3-1:		420		1		58139		0		0.0269		0.0694		0.0866		0.1214		0.2049		0.2557		0.2351		
238 >>		5-5-4-3-3-3-2:		420		1		58559		0.0267		0.0663		0.0809		0.1113		0.1897		0.2244		0.1614		0.1393		
239 >>		5-5-4-3-3-3-3:		105		1		58664		0.0272		0.0691		0.0887		0.1147		0.2039		0.2575		0.184		0.0549		
240 >>		5-5-4-4-1-1-1:		210		1		58874		0		0		0		0.045		0.1183		0.1409		0.2332		0.4626		
241 >>		5-5-4-4-2-1-1:		630		1		59504		0		0		0.0128		0.0606		0.1148		0.1408		0.2185		0.4525		
242 >>		5-5-4-4-2-2-1:		630		1		60134		0		0.0154		0.0425		0.0812		0.1171		0.1432		0.2168		0.3838		
243 >>		5-5-4-4-2-2-2:		210		1		60344		0.0137		0.0405		0.0754		0.1042		0.1421		0.1907		0.2438		0.1896		
244 >>		5-5-4-4-3-1-1:		630		1		60974		0		0		0.0383		0.1004		0.1185		0.1705		0.1828		0.3895		
245 >>		5-5-4-4-3-2-1:		1260		1		62234		0		0.0276		0.075		0.0975		0.1363		0.1499		0.1678		0.3459		
246 >>		5-5-4-4-3-2-2:		630		1		62864		0.0252		0.0677		0.0891		0.1346		0.1394		0.1534		0.2187		0.1719		
247 >>		5-5-4-4-3-3-1:		630		1		63494		0		0.0386		0.0974		0.1141		0.1642		0.1596		0.215		0.2111		
248 >>		5-5-4-4-3-3-2:		630		1		64124		0.0356		0.0942		0.1106		0.1538		0.1525		0.1806		0.1438		0.1289		
249 >>		5-5-4-4-3-3-3:		210		1		64334		0.0371		0.1005		0.1129		0.163		0.159		0.2145		0.1601		0.0529		
250 >>		5-5-4-4-4-1-1:		210		1		64544		0		0		0.0452		0.1215		0.1388		0.2289		0.2484		0.2172		
251 >>		5-5-4-4-4-2-1:		420		1		64964		0		0.0261		0.0873		0.1222		0.1553		0.2061		0.2074		0.1956		
252 >>		5-5-4-4-4-2-2:		210		1		65174		0.0292		0.0806		0.1093		0.155		0.1784		0.1701		0.164		0.1134		
253 >>		5-5-4-4-4-3-1:		420		1		65594		0		0.0461		0.1152		0.1287		0.2163		0.207		0.141		0.1457		
254 >>		5-5-4-4-4-3-2:		420		1		66014		0.0405		0.1061		0.1285		0.1875		0.198		0.1351		0.1095		0.0948		
255 >>		5-5-4-4-4-3-3:		210		1		66224		0.043		0.1114		0.1279		0.2187		0.21		0.1304		0.1093		0.0493		
256 >>		5-5-4-4-4-4-1:		105		1		66329		0		0.0439		0.1184		0.1396		0.2332		0.2521		0.1509		0.0619		
257 >>		5-5-4-4-4-4-2:		105		1		66434		0.0397		0.1092		0.1297		0.2022		0.2233		0.1649		0.0861		0.0449		
258 >>		5-5-4-4-4-4-3:		105		1		66539		0.0456		0.1232		0.1389		0.2218		0.2441		0.1461		0.0555		0.0248		
259 >>		5-5-4-4-4-4-4:		21		1		66560		0.044		0.1185		0.1317		0.2337		0.255		0.1533		0.0563		0.0075		
260 >>		5-5-5-1-1-1-1:		35		1		66595		0		0		0		0		0.059		0.2056		0.3034		0.432		
261 >>		5-5-5-2-1-1-1:		140		1		66735		0		0		0		0.0051		0.0627		0.2062		0.3036		0.4224		
262 >>		5-5-5-2-2-1-1:		210		1		66945		0		0		0.0046		0.0159		0.0747		0.2059		0.2927		0.4062		
263 >>		5-5-5-2-2-2-1:		140		1		67085		0		0.0052		0.0154		0.0444		0.1163		0.2123		0.2654		0.341		
264 >>		5-5-5-2-2-2-2:		35		1		67120		0.0047		0.0195		0.0507		0.1051		0.1762		0.2317		0.2521		0.16		
265 >>		5-5-5-3-1-1-1:		140		1		67260		0		0		0		0.028		0.1002		0.1966		0.2656		0.4096		
266 >>		5-5-5-3-2-1-1:		420		1		67680		0		0		0.0133		0.0464		0.1015		0.1807		0.2588		0.3993		
267 >>		5-5-5-3-2-2-1:		420		1		68100		0		0.0127		0.0426		0.0685		0.1087		0.1834		0.2528		0.3313		
268 >>		5-5-5-3-2-2-2:		140		1		68240		0.0143		0.0343		0.0649		0.1027		0.1559		0.2178		0.2449		0.1652		
269 >>		5-5-5-3-3-1-1:		210		1		68450		0		0		0.0266		0.0854		0.1311		0.1819		0.2395		0.3355		
270 >>		5-5-5-3-3-2-1:		420		1		68870		0		0.0233		0.0685		0.1047		0.1271		0.1725		0.2025		0.3014		
271 >>		5-5-5-3-3-2-2:		210		1		69080		0.0211		0.0671		0.0932		0.1178		0.1521		0.1821		0.2146		0.152		
272 >>		5-5-5-3-3-3-1:		140		1		69220		0		0.028		0.0861		0.1355		0.1662		0.1986		0.2109		0.1747		
273 >>		5-5-5-3-3-3-2:		140		1		69360		0.0304		0.0808		0.1183		0.1582		0.1761		0.1823		0.1433		0.1106		
274 >>		5-5-5-3-3-3-3:		35		1		69395		0.0289		0.0874		0.1346		0.1614		0.193		0.2081		0.1399		0.0467		
275 >>		5-5-5-4-1-1-1:		140		1		69535		0		0		0		0.052		0.1756		0.2331		0.1973		0.342		
276 >>		5-5-5-4-2-1-1:		420		1		69955		0		0		0.0143		0.0774		0.1715		0.219		0.1872		0.3306		
277 >>		5-5-5-4-2-2-1:		420		1		70375		0		0.0143		0.0518		0.1059		0.1642		0.1883		0.1865		0.289		
278 >>		5-5-5-4-2-2-2:		140		1		70515		0.014		0.0477		0.0961		0.1512		0.1686		0.1724		0.2011		0.1489		
279 >>		5-5-5-4-3-1-1:		420		1		70935		0		0		0.0423		0.1369		0.1864		0.1624		0.169		0.303		
280 >>		5-5-5-4-3-2-1:		840		1		71775		0		0.032		0.0963		0.1498		0.1522		0.1532		0.159		0.2575		
281 >>		5-5-5-4-3-2-2:		420		1		72195		0.0299		0.0971		0.1365		0.1302		0.1414		0.1498		0.1748		0.1403		
282 >>		5-5-5-4-3-3-1:		420		1		72615		0		0.0439		0.1369		0.1709		0.1385		0.1519		0.1829		0.175		
283 >>		5-5-5-4-3-3-2:		420		1		73035		0.0404		0.121		0.1635		0.1418		0.1453		0.1631		0.1193		0.1056		
284 >>		5-5-5-4-3-3-3:		140		1		73175		0.0446		0.1324		0.1764		0.1507		0.1485		0.1737		0.1311		0.0426		
285 >>		5-5-5-4-4-1-1:		210		1		73385		0		0		0.0535		0.1734		0.2233		0.1624		0.194		0.1934		
286 >>		5-5-5-4-4-2-1:		420		1		73805		0		0.0356		0.1105		0.1868		0.1827		0.161		0.1589		0.1645		
287 >>		5-5-5-4-4-2-2:		210		1		74015		0.0313		0.1048		0.1603		0.1655		0.157		0.1475		0.1391		0.0945		
288 >>		5-5-5-4-4-3-1:		420		1		74435		0		0.0552		0.165		0.2095		0.1576		0.1615		0.1236		0.1276		
289 >>		5-5-5-4-4-3-2:		420		1		74855		0.0495		0.1507		0.1935		0.1618		0.158		0.1081		0.0921		0.0863		
290 >>		5-5-5-4-4-3-3:		210		1		75065		0.0513		0.1626		0.2066		0.1584		0.1698		0.1124		0.1015		0.0374		
291 >>		5-5-5-4-4-4-1:		140		1		75205		0		0.0519		0.1791		0.2229		0.1657		0.1902		0.1317		0.0585		
292 >>		5-5-5-4-4-4-2:		140		1		75345		0.0454		0.1542		0.2023		0.1787		0.1716		0.1274		0.0771		0.0433		
293 >>		5-5-5-4-4-4-3:		140		1		75485		0.0527		0.1738		0.2143		0.1742		0.186		0.1301		0.0439		0.025		
294 >>		5-5-5-4-4-4-4:		35		1		75520		0.0526		0.1723		0.2186		0.1735		0.193		0.1327		0.0501		0.0072		
295 >>		5-5-5-5-1-1-1:		35		1		75555		0		0		0		0.0549		0.2081		0.3118		0.2498		0.1754		
296 >>		5-5-5-5-2-1-1:		105		1		75660		0		0		0.0135		0.0783		0.2101		0.286		0.244		0.1681		
297 >>		5-5-5-5-2-2-1:		105		1		75765		0		0.0122		0.052		0.1195		0.2056		0.2514		0.2094		0.1499		
298 >>		5-5-5-5-2-2-2:		35		1		75800		0.0145		0.0526		0.1138		0.1756		0.2129		0.2045		0.1483		0.0778		
299 >>		5-5-5-5-3-1-1:		105		1		75905		0		0		0.0448		0.1495		0.2233		0.2318		0.1943		0.1563		
300 >>		5-5-5-5-3-2-1:		210		1		76115		0		0.0308		0.0992		0.1598		0.1912		0.2023		0.1765		0.1402		
301 >>		5-5-5-5-3-2-2:		105		1		76220		0.0287		0.0916		0.1563		0.1599		0.1748		0.1677		0.1393		0.0817		
302 >>		5-5-5-5-3-3-1:		105		1		76325		0		0.0465		0.1466		0.2097		0.1929		0.1664		0.1351		0.1028		
303 >>		5-5-5-5-3-3-2:		105		1		76430		0.0387		0.1316		0.1851		0.1874		0.1583		0.1347		0.1039		0.0603		
304 >>		5-5-5-5-3-3-3:		35		1		76465		0.047		0.1455		0.1992		0.1966		0.1634		0.1335		0.0853		0.0295		
305 >>		5-5-5-5-4-1-1:		105		1		76570		0		0		0.0564		0.1876		0.2887		0.2301		0.121		0.1162		
306 >>		5-5-5-5-4-2-1:		210		1		76780		0		0.0287		0.1179		0.2174		0.2359		0.1767		0.109		0.1144		
307 >>		5-5-5-5-4-2-2:		105		1		76885		0.0336		0.1148		0.1842		0.2077		0.1758		0.1273		0.0919		0.0647		
308 >>		5-5-5-5-4-3-1:		210		1		77095		0		0.0545		0.1796		0.2598		0.2074		0.1248		0.0889		0.085		
309 >>		5-5-5-5-4-3-2:		210		1		77305		0.0491		0.1639		0.2366		0.1999		0.1245		0.095		0.0727		0.0583		
310 >>		5-5-5-5-4-3-3:		105		1		77410		0.0552		0.1814		0.2639		0.1978		0.118		0.087		0.069		0.0277		
311 >>		5-5-5-5-4-4-1:		105		1		77515		0		0.0568		0.2077		0.2817		0.2173		0.1079		0.0891		0.0395		
312 >>		5-5-5-5-4-4-2:		105		1		77620		0.0525		0.1712		0.2466		0.2194		0.1308		0.0932		0.0565		0.0298		
313 >>		5-5-5-5-4-4-3:		105		1		77725		0.0606		0.1985		0.2807		0.2081		0.1048		0.0901		0.0372		0.02		
314 >>		5-5-5-5-4-4-4:		35		1		77760		0.0582		0.1933		0.2743		0.2236		0.1142		0.0906		0.04		0.0058		
315 >>		5-5-5-5-5-1-1:		21		1		77781		0		0		0.056		0.1996		0.3125		0.2579		0.1288		0.0452		
316 >>		5-5-5-5-5-2-1:		42		1		77823		0		0.0302		0.1194		0.2232		0.2648		0.2065		0.1129		0.043		
317 >>		5-5-5-5-5-2-2:		21		1		77844		0.0317		0.1161		0.1889		0.2276		0.2056		0.1348		0.0702		0.0251		
318 >>		5-5-5-5-5-3-1:		42		1		77886		0		0.0563		0.1876		0.2751		0.2313		0.1425		0.0732		0.034		
319 >>		5-5-5-5-5-3-2:		42		1		77928		0.0531		0.1676		0.2465		0.2187		0.1447		0.0903		0.053		0.0261		
320 >>		5-5-5-5-5-3-3:		21		1		77949		0.0559		0.1839		0.2687		0.2299		0.1428		0.0695		0.0383		0.011		
321 >>		5-5-5-5-5-4-1:		42		1		77991		0		0.0593		0.2096		0.3011		0.2485		0.119		0.0397		0.0228		
322 >>		5-5-5-5-5-4-2:		42		1		78033		0.0518		0.1769		0.2694		0.2402		0.1503		0.0634		0.0307		0.0173		
323 >>		5-5-5-5-5-4-3:		42		1		78075		0.0573		0.2022		0.2952		0.2538		0.1179		0.0394		0.0229		0.0113		
324 >>		5-5-5-5-5-4-4:		21		1		78096		0.0591		0.2002		0.3066		0.2519		0.118		0.0379		0.0225		0.0038		
325 >>		5-5-5-5-5-5-1:		7		1		78103		0		0.0573		0.1993		0.3074		0.2597		0.1343		0.0356		0.0064		
326 >>		5-5-5-5-5-5-2:		7		1		78110		0.0505		0.1786		0.2648		0.2483		0.1549		0.0722		0.0249		0.0058		
327 >>		5-5-5-5-5-5-3:		7		1		78117		0.0576		0.2086		0.3032		0.2427		0.1287		0.0445		0.0115		0.0032		
328 >>		5-5-5-5-5-5-4:		7		1		78124		0.0571		0.2063		0.3111		0.2512		0.1279		0.0377		0.007		0.0017		
329 >>		5-5-5-5-5-5-5:		1		1		78125		0.062		0.2038		0.3093		0.2558		0.1227		0.0405		0.0051		0.0008		
330 >>		6-1-1-1-1-1-1:		7		1		78132		0		0		0		0		0		0		0.2767		0.7233		
331 >>		6-2-1-1-1-1-1:		42		1		78174		0		0		0		0		0		0.0001		0.2762		0.7237		
332 >>		6-2-2-1-1-1-1:		105		1		78279		0		0		0		0		0		0.0017		0.2844		0.7139		
333 >>		6-2-2-2-1-1-1:		140		1		78419		0		0		0		0.0001		0.0013		0.0077		0.2764		0.7145		
334 >>		6-2-2-2-2-1-1:		105		1		78524		0		0		0.0002		0.0012		0.0097		0.0409		0.286		0.662		
335 >>		6-2-2-2-2-2-1:		42		1		78566		0		0		0.0013		0.0083		0.0423		0.1252		0.3182		0.5047		
336 >>		6-2-2-2-2-2-2:		7		1		78573		0.0001		0.0011		0.0084		0.0402		0.1255		0.2583		0.3428		0.2236		
337 >>		6-3-1-1-1-1-1:		42		1		78615		0		0		0		0		0		0.0063		0.2764		0.7173		
338 >>		6-3-2-1-1-1-1:		210		1		78825		0		0		0		0		0.0008		0.0061		0.276		0.7171		
339 >>		6-3-2-2-1-1-1:		420		1		79245		0		0		0		0.0004		0.0022		0.0108		0.2787		0.7079		
340 >>		6-3-2-2-2-1-1:		420		1		79665		0		0		0.0003		0.0024		0.009		0.0384		0.2867		0.6632		
341 >>		6-3-2-2-2-2-1:		210		1		79875		0		0.0005		0.0022		0.0086		0.0398		0.1256		0.3239		0.4994		
342 >>		6-3-2-2-2-2-2:		42		1		79917		0.0005		0.0023		0.0103		0.0397		0.1201		0.2565		0.3519		0.2187		
343 >>		6-3-3-1-1-1-1:		105		1		80022		0		0		0		0		0.0054		0.0231		0.274		0.6975		
344 >>		6-3-3-2-1-1-1:		420		1		80442		0		0		0		0.002		0.0066		0.0217		0.2628		0.7069		
345 >>		6-3-3-2-2-1-1:		630		1		81072		0		0		0.0012		0.0075		0.0156		0.0459		0.2792		0.6506		
346 >>		6-3-3-2-2-2-1:		420		1		81492		0		0.0024		0.0057		0.0158		0.0429		0.1206		0.3056		0.507		
347 >>		6-3-3-2-2-2-2:		105		1		81597		0.0021		0.0061		0.0154		0.044		0.1161		0.2501		0.3428		0.2234		
348 >>		6-3-3-3-1-1-1:		140		1		81737		0		0		0		0.0055		0.0228		0.0695		0.2732		0.629		
349 >>		6-3-3-3-2-1-1:		420		1		82157		0		0		0.004		0.0121		0.0353		0.0784		0.2633		0.6069		
350 >>		6-3-3-3-2-2-1:		420		1		82577		0		0.0029		0.0146		0.0281		0.0616		0.1189		0.2908		0.4831		
351 >>		6-3-3-3-2-2-2:		140		1		82717		0.0042		0.0137		0.0329		0.0638		0.1114		0.2367		0.3185		0.2188		
352 >>		6-3-3-3-3-1-1:		105		1		82822		0		0		0.0058		0.0271		0.0723		0.1534		0.2911		0.4503		
353 >>		6-3-3-3-3-2-1:		210		1		83032		0		0.0043		0.0211		0.0521		0.105		0.1742		0.2555		0.3878		
354 >>		6-3-3-3-3-2-2:		105		1		83137		0.0039		0.0218		0.059		0.1054		0.1594		0.1964		0.2622		0.1919		
355 >>		6-3-3-3-3-3-1:		42		1		83179		0		0.0055		0.0244		0.0722		0.1595		0.2475		0.2753		0.2156		
356 >>		6-3-3-3-3-3-2:		42		1		83221		0.0049		0.0228		0.0683		0.1431		0.2218		0.2389		0.1675		0.1327		
357 >>		6-3-3-3-3-3-3:		7		1		83228		0.005		0.0239		0.0723		0.16		0.2433		0.2674		0.1772		0.0509		
358 >>		6-4-1-1-1-1-1:		42		1		83270		0		0		0		0		0		0.0467		0.2468		0.7065		
359 >>		6-4-2-1-1-1-1:		210		1		83480		0		0		0		0		0.0007		0.0448		0.2526		0.7019		
360 >>		6-4-2-2-1-1-1:		420		1		83900		0		0		0		0.001		0.0043		0.0449		0.2574		0.6924		
361 >>		6-4-2-2-2-1-1:		420		1		84320		0		0		0.0012		0.0045		0.0161		0.0624		0.2606		0.6552		
362 >>		6-4-2-2-2-2-1:		210		1		84530		0		0.0013		0.0043		0.0187		0.043		0.1228		0.3121		0.4978		
363 >>		6-4-2-2-2-2-2:		42		1		84572		0.0012		0.0048		0.0156		0.047		0.1251		0.2459		0.3408		0.2196		
364 >>		6-4-3-1-1-1-1:		210		1		84782		0		0		0		0		0.0175		0.0417		0.2468		0.694		
365 >>		6-4-3-2-1-1-1:		840		1		85622		0		0		0		0.0046		0.0185		0.0424		0.2534		0.6811		
366 >>		6-4-3-2-2-1-1:		1260		1		86882		0		0		0.0039		0.0081		0.0235		0.0633		0.2461		0.6551		
367 >>		6-4-3-2-2-2-1:		840		1		87722		0		0.005		0.0089		0.0183		0.0521		0.1161		0.301		0.4986		
368 >>		6-4-3-2-2-2-2:		210		1		87932		0.0037		0.0089		0.0191		0.0422		0.1226		0.2459		0.3442		0.2134		
369 >>		6-4-3-3-1-1-1:		420		1		88352		0		0		0		0.0165		0.0304		0.0721		0.2639		0.6171		
370 >>		6-4-3-3-2-1-1:		1260		1		89612		0		0		0.0082		0.0206		0.0416		0.0798		0.2432		0.6066		
371 >>		6-4-3-3-2-2-1:		1260		1		90872		0		0.0102		0.0166		0.033		0.0642		0.1205		0.2708		0.4847		
372 >>		6-4-3-3-2-2-2:		420		1		91292		0.0104		0.0176		0.0346		0.0649		0.1109		0.2254		0.3222		0.214		
373 >>		6-4-3-3-3-1-1:		420		1		91712		0		0		0.0168		0.0309		0.0708		0.1443		0.2848		0.4524		
374 >>		6-4-3-3-3-2-1:		840		1		92552		0		0.0142		0.0246		0.0561		0.0989		0.1685		0.2412		0.3965		
375 >>		6-4-3-3-3-2-2:		420		1		92972		0.0145		0.0231		0.0546		0.1046		0.1515		0.1971		0.2625		0.1921		
376 >>		6-4-3-3-3-3-1:		210		1		93182		0		0.016		0.0273		0.0641		0.1462		0.2415		0.2823		0.2226		
377 >>		6-4-3-3-3-3-2:		210		1		93392		0.0161		0.0282		0.0675		0.1434		0.2207		0.2228		0.1706		0.1307		
378 >>		6-4-3-3-3-3-3:		42		1		93434		0.0165		0.0298		0.0687		0.1412		0.24		0.2751		0.1816		0.0471		
379 >>		6-4-4-1-1-1-1:		105		1		93539		0		0		0		0		0.0428		0.0922		0.2546		0.6104		
380 >>		6-4-4-2-1-1-1:		420		1		93959		0		0		0		0.0053		0.0467		0.0928		0.2467		0.6085		
381 >>		6-4-4-2-2-1-1:		630		1		94589		0		0		0.0042		0.0139		0.0532		0.0944		0.2547		0.5796		
382 >>		6-4-4-2-2-2-1:		420		1		95009		0		0.005		0.0137		0.0366		0.0756		0.1338		0.2747		0.4606		
383 >>		6-4-4-2-2-2-2:		105		1		95114		0.0046		0.0149		0.0326		0.063		0.1255		0.2274		0.3189		0.2131		
384 >>		6-4-4-3-1-1-1:		420		1		95534		0		0		0		0.0294		0.063		0.1071		0.2289		0.5716		
385 >>		6-4-4-3-2-1-1:		1260		1		96794		0		0		0.0124		0.0325		0.063		0.1038		0.2304		0.5579		
386 >>		6-4-4-3-2-2-1:		1260		1		98054		0		0.013		0.0285		0.053		0.0777		0.1239		0.2629		0.441		
387 >>		6-4-4-3-2-2-2:		420		1		98474		0.0121		0.0303		0.0508		0.0733		0.1164		0.2167		0.2997		0.2007		
388 >>		6-4-4-3-3-1-1:		630		1		99104		0		0		0.0277		0.0557		0.0912		0.1345		0.2587		0.4322		
389 >>		6-4-4-3-3-2-1:		1260		1		100364		0		0.0249		0.0439		0.0735		0.0978		0.1508		0.2269		0.3822		
390 >>		6-4-4-3-3-2-2:		630		1		100994		0.025		0.0403		0.0732		0.1028		0.1431		0.1836		0.2434		0.1886		
391 >>		6-4-4-3-3-3-1:		420		1		101414		0		0.0309		0.057		0.0879		0.1296		0.2154		0.2647		0.2145		
392 >>		6-4-4-3-3-3-2:		420		1		101834		0.0295		0.0518		0.0885		0.1228		0.1976		0.2159		0.1571		0.1368		
393 >>		6-4-4-3-3-3-3:		105		1		101939		0.0291		0.0562		0.0911		0.1302		0.2213		0.2563		0.1667		0.0491		
394 >>		6-4-4-4-1-1-1:		140		1		102079		0		0		0		0.0484		0.0882		0.1754		0.2765		0.4115		
395 >>		6-4-4-4-2-1-1:		420		1		102499		0		0		0.0146		0.0538		0.1037		0.1708		0.2502		0.4069		
396 >>		6-4-4-4-2-2-1:		420		1		102919		0		0.018		0.037		0.0722		0.1148		0.1739		0.244		0.3401		
397 >>		6-4-4-4-2-2-2:		140		1		103059		0.0146		0.0383		0.0714		0.1062		0.154		0.2045		0.2375		0.1735		
398 >>		6-4-4-4-3-1-1:		420		1		103479		0		0		0.0387		0.0763		0.1297		0.1917		0.2058		0.3578		
399 >>		6-4-4-4-3-2-1:		840		1		104319		0		0.0292		0.0595		0.1069		0.1447		0.1551		0.1936		0.311		
400 >>		6-4-4-4-3-2-2:		420		1		104739		0.0276		0.0589		0.1051		0.1312		0.136		0.1657		0.2155		0.16		
401 >>		6-4-4-4-3-3-1:		420		1		105159		0		0.0396		0.0781		0.1325		0.1685		0.1615		0.2175		0.2023		
402 >>		6-4-4-4-3-3-2:		420		1		105579		0.038		0.0761		0.129		0.1596		0.1567		0.1795		0.1422		0.1189		
403 >>		6-4-4-4-3-3-3:		140		1		105719		0.0409		0.0787		0.1317		0.1727		0.1731		0.201		0.1541		0.0478		
404 >>		6-4-4-4-4-1-1:		105		1		105824		0		0		0.0428		0.0943		0.1725		0.2414		0.2474		0.2016		
405 >>		6-4-4-4-4-2-1:		210		1		106034		0		0.0306		0.0645		0.1299		0.1796		0.2139		0.2029		0.1786		
406 >>		6-4-4-4-4-2-2:		105		1		106139		0.027		0.0647		0.1205		0.1556		0.1866		0.1842		0.1542		0.1072		
407 >>		6-4-4-4-4-3-1:		210		1		106349		0		0.0432		0.0863		0.1681		0.225		0.2063		0.1384		0.1327		
408 >>		6-4-4-4-4-3-2:		210		1		106559		0.0387		0.08		0.1524		0.2042		0.2001		0.1282		0.1067		0.0897		
409 >>		6-4-4-4-4-3-3:		105		1		106664		0.0425		0.0887		0.1601		0.2263		0.2043		0.132		0.1045		0.0416		
410 >>		6-4-4-4-4-4-1:		42		1		106706		0		0.0464		0.0907		0.1757		0.2465		0.2277		0.1546		0.0584		
411 >>		6-4-4-4-4-4-2:		42		1		106748		0.0396		0.0873		0.1554		0.2201		0.2204		0.15		0.0833		0.0439		
412 >>		6-4-4-4-4-4-3:		42		1		106790		0.0467		0.0911		0.1657		0.2481		0.2279		0.145		0.0502		0.0253		
413 >>		6-4-4-4-4-4-4:		7		1		106797		0.0479		0.0863		0.1769		0.2414		0.2427		0.1453		0.0525		0.007		
414 >>		6-5-1-1-1-1-1:		42		1		106839		0		0		0		0		0		0.1671		0.2164		0.6165		
415 >>		6-5-2-1-1-1-1:		210		1		107049		0		0		0		0		0.0012		0.1637		0.2227		0.6124		
416 >>		6-5-2-2-1-1-1:		420		1		107469		0		0		0		0.0011		0.0076		0.1585		0.2188		0.614		
417 >>		6-5-2-2-2-1-1:		420		1		107889		0		0		0.0007		0.0063		0.0318		0.1601		0.2232		0.5779		
418 >>		6-5-2-2-2-2-1:		210		1		108099		0		0.0011		0.0063		0.0294		0.0789		0.1735		0.2603		0.4505		
419 >>		6-5-2-2-2-2-2:		42		1		108141		0.0009		0.0073		0.029		0.0751		0.1413		0.2394		0.3026		0.2044		
420 >>		6-5-3-1-1-1-1:		210		1		108351		0		0		0		0		0.0261		0.1556		0.2152		0.6031		
421 >>		6-5-3-2-1-1-1:		840		1		109191		0		0		0		0.0062		0.0224		0.1523		0.2145		0.6046		
422 >>		6-5-3-2-2-1-1:		1260		1		110451		0		0		0.006		0.0132		0.0378		0.1417		0.2228		0.5785		
423 >>		6-5-3-2-2-2-1:		840		1		111291		0		0.0042		0.0134		0.0314		0.073		0.1668		0.2495		0.4617		
424 >>		6-5-3-2-2-2-2:		210		1		111501		0.0037		0.0111		0.0302		0.0712		0.1498		0.2373		0.2996		0.1971		
425 >>		6-5-3-3-1-1-1:		420		1		111921		0		0		0		0.0228		0.0547		0.1417		0.2187		0.5621		
426 >>		6-5-3-3-2-1-1:		1260		1		113181		0		0		0.015		0.0292		0.0542		0.1425		0.211		0.5481		
427 >>		6-5-3-3-2-2-1:		1260		1		114441		0		0.0143		0.027		0.0431		0.0798		0.1604		0.2371		0.4383		
428 >>		6-5-3-3-2-2-2:		420		1		114861		0.0136		0.0269		0.0442		0.0776		0.1291		0.2213		0.2859		0.2014		
429 >>		6-5-3-3-3-1-1:		420		1		115281		0		0		0.0259		0.0517		0.098		0.1574		0.2472		0.4198		
430 >>		6-5-3-3-3-2-1:		840		1		116121		0		0.0181		0.0446		0.0724		0.11		0.1736		0.2143		0.367		
431 >>		6-5-3-3-3-2-2:		420		1		116541		0.0209		0.0405		0.0725		0.1028		0.1591		0.1856		0.2357		0.1829		
432 >>		6-5-3-3-3-3-1:		210		1		116751		0		0.0264		0.0511		0.0978		0.1548		0.2192		0.248		0.2027		
433 >>		6-5-3-3-3-3-2:		210		1		116961		0.0244		0.0501		0.0852		0.135		0.2004		0.2135		0.1599		0.1315		
434 >>		6-5-3-3-3-3-3:		42		1		117003		0.0237		0.0539		0.0938		0.153		0.2164		0.2462		0.1614		0.0516		
435 >>		6-5-4-1-1-1-1:		210		1		117213		0		0		0		0		0.1026		0.1295		0.2015		0.5664		
436 >>		6-5-4-2-1-1-1:		840		1		118053		0		0		0		0.01		0.0901		0.1322		0.2077		0.56		
437 >>		6-5-4-2-2-1-1:		1260		1		119313		0		0		0.0079		0.0266		0.0959		0.1311		0.2013		0.5372		
438 >>		6-5-4-2-2-2-1:		840		1		120153		0		0.0083		0.0242		0.0542		0.0975		0.1505		0.2376		0.4277		
439 >>		6-5-4-2-2-2-2:		210		1		120363		0.0068		0.0234		0.0538		0.091		0.1373		0.2178		0.2781		0.1918		
440 >>		6-5-4-3-1-1-1:		840		1		121203		0		0		0		0.0498		0.0868		0.1288		0.2002		0.5344		
441 >>		6-5-4-3-2-1-1:		2520		1		123723		0		0		0.0218		0.0531		0.0842		0.1293		0.1905		0.5211		
442 >>		6-5-4-3-2-2-1:		2520		1		126243		0		0.0229		0.0427		0.0593		0.0935		0.1417		0.2186		0.4213		
443 >>		6-5-4-3-2-2-2:		840		1		127083		0.0228		0.0407		0.0592		0.0833		0.1276		0.1975		0.2771		0.1918		
444 >>		6-5-4-3-3-1-1:		1260		1		128343		0		0		0.0593		0.0731		0.0973		0.1412		0.2256		0.4035		
445 >>		6-5-4-3-3-2-1:		2520		1		130863		0		0.044		0.0658		0.0755		0.1005		0.1596		0.1965		0.3581		
446 >>		6-5-4-3-3-2-2:		1260		1		132123		0.0401		0.0595		0.0768		0.0958		0.1402		0.1783		0.2314		0.1779		
447 >>		6-5-4-3-3-3-1:		840		1		132963		0		0.0576		0.0719		0.0925		0.1263		0.2067		0.2363		0.2087		
448 >>		6-5-4-3-3-3-2:		840		1		133803		0.0552		0.0726		0.0917		0.1175		0.1751		0.2114		0.1549		0.1216		
449 >>		6-5-4-3-3-3-3:		210		1		134013		0.0526		0.0731		0.0978		0.1242		0.1965		0.2372		0.1691		0.0495		
450 >>		6-5-4-4-1-1-1:		420		1		134433		0		0		0		0.0966		0.1147		0.1483		0.2392		0.4012		
451 >>		6-5-4-4-2-1-1:		1260		1		135693		0		0		0.0277		0.1004		0.1139		0.1499		0.2187		0.3894		
452 >>		6-5-4-4-2-2-1:		1260		1		136953		0		0.0278		0.0534		0.0991		0.121		0.1574		0.2065		0.3348		
453 >>		6-5-4-4-2-2-2:		420		1		137373		0.0263		0.0547		0.0855		0.1063		0.1464		0.187		0.2259		0.1679		
454 >>		6-5-4-4-3-1-1:		1260		1		138633		0		0		0.0823		0.1001		0.1211		0.1641		0.1913		0.3411		
455 >>		6-5-4-4-3-2-1:		2520		1		141153		0		0.0563		0.0832		0.1007		0.1272		0.1494		0.1839		0.2993		
456 >>		6-5-4-4-3-2-2:		1260		1		142413		0.0538		0.0771		0.0995		0.1262		0.1349		0.1545		0.1962		0.1578		
457 >>		6-5-4-4-3-3-1:		1260		1		143673		0		0.0852		0.0935		0.1177		0.1571		0.1554		0.2011		0.19		
458 >>		6-5-4-4-3-3-2:		1260		1		144933		0.08		0.0966		0.1095		0.1496		0.1514		0.1697		0.1305		0.1127		
459 >>		6-5-4-4-3-3-3:		420		1		145353		0.085		0.089		0.1178		0.1574		0.1538		0.197		0.1532		0.0468		
460 >>		6-5-4-4-4-1-1:		420		1		145773		0		0		0.0969		0.1143		0.1439		0.2229		0.2295		0.1925		
461 >>		6-5-4-4-4-2-1:		840		1		146613		0		0.0569		0.0975		0.1182		0.1616		0.1962		0.1932		0.1764		
462 >>		6-5-4-4-4-2-2:		420		1		147033		0.0586		0.0864		0.1072		0.1541		0.1704		0.1651		0.1546		0.1036		
463 >>		6-5-4-4-4-3-1:		840		1		147873		0		0.0981		0.104		0.1351		0.2037		0.195		0.13		0.1341		
464 >>		6-5-4-4-4-3-2:		840		1		148713		0.0855		0.1017		0.1268		0.1864		0.1814		0.1264		0.1033		0.0885		
465 >>		6-5-4-4-4-3-3:		420		1		149133		0.0929		0.1034		0.1331		0.203		0.1927		0.1241		0.1128		0.038		
466 >>		6-5-4-4-4-4-1:		210		1		149343		0		0.1035		0.1135		0.1485		0.2181		0.2151		0.1423		0.059		
467 >>		6-5-4-4-4-4-2:		210		1		149553		0.0917		0.1065		0.1304		0.1921		0.2076		0.1465		0.0829		0.0423		
468 >>		6-5-4-4-4-4-3:		210		1		149763		0.0998		0.11		0.1433		0.2067		0.2299		0.1367		0.0502		0.0234		
469 >>		6-5-4-4-4-4-4:		42		1		149805		0.1004		0.1112		0.1396		0.2208		0.2251		0.1454		0.0507		0.0068		
470 >>		6-5-5-1-1-1-1:		105		1		149910		0		0		0		0		0.1635		0.1696		0.279		0.3879		
471 >>		6-5-5-2-1-1-1:		420		1		150330		0		0		0		0.0097		0.1605		0.173		0.2716		0.3852		
472 >>		6-5-5-2-2-1-1:		630		1		150960		0		0		0.0104		0.0266		0.1553		0.1746		0.2581		0.375		
473 >>		6-5-5-2-2-2-1:		420		1		151380		0		0.0072		0.0289		0.0737		0.1559		0.1798		0.2479		0.3066		
474 >>		6-5-5-2-2-2-2:		105		1		151485		0.0078		0.0297		0.0777		0.13		0.1756		0.2053		0.2344		0.1395		
475 >>		6-5-5-3-1-1-1:		420		1		151905		0		0		0		0.0637		0.143		0.1753		0.2373		0.3807		
476 >>		6-5-5-3-2-1-1:		1260		1		153165		0		0		0.0275		0.0615		0.1472		0.1629		0.2377		0.3632		
477 >>		6-5-5-3-2-2-1:		1260		1		154425		0		0.0254		0.0458		0.0824		0.1341		0.1705		0.2307		0.3111		
478 >>		6-5-5-3-2-2-2:		420		1		154845		0.024		0.0459		0.0806		0.1135		0.1596		0.2054		0.2265		0.1445		
479 >>		6-5-5-3-3-1-1:		630		1		155475		0		0		0.0672		0.0983		0.154		0.171		0.2122		0.2973		
480 >>		6-5-5-3-3-2-1:		1260		1		156735		0		0.0449		0.0707		0.1082		0.1461		0.1612		0.1944		0.2745		
481 >>		6-5-5-3-3-2-2:		630		1		157365		0.046		0.0759		0.0983		0.1229		0.1577		0.1636		0.2024		0.1332		
482 >>		6-5-5-3-3-3-1:		420		1		157785		0		0.0625		0.0993		0.1418		0.1579		0.1838		0.1917		0.163		
483 >>		6-5-5-3-3-3-2:		420		1		158205		0.0594		0.0975		0.1244		0.1502		0.1642		0.1693		0.1261		0.1089		
484 >>		6-5-5-3-3-3-3:		105		1		158310		0.064		0.0922		0.1377		0.1539		0.1843		0.1981		0.1273		0.0425		
485 >>		6-5-5-4-1-1-1:		420		1		158730		0		0		0		0.1432		0.1557		0.2034		0.1858		0.3119		
486 >>		6-5-5-4-2-1-1:		1260		1		159990		0		0		0.029		0.1322		0.1542		0.1778		0.1873		0.3195		
487 >>		6-5-5-4-2-2-1:		1260		1		161250		0		0.0325		0.0738		0.1339		0.1467		0.1748		0.1735		0.2648		
488 >>		6-5-5-4-2-2-2:		420		1		161670		0.0302		0.0679		0.1146		0.1403		0.1521		0.165		0.1941		0.1358		
489 >>		6-5-5-4-3-1-1:		1260		1		162930		0		0		0.1038		0.1301		0.1719		0.155		0.1681		0.2711		
490 >>		6-5-5-4-3-2-1:		2520		1		165450		0		0.0707		0.1092		0.1342		0.1383		0.1427		0.1609		0.244		
491 >>		6-5-5-4-3-2-2:		1260		1		166710		0.0659		0.0976		0.1268		0.1318		0.135		0.1422		0.175		0.1257		
492 >>		6-5-5-4-3-3-1:		1260		1		167970		0		0.1085		0.1245		0.1606		0.1352		0.146		0.1711		0.1541		
493 >>		6-5-5-4-3-3-2:		1260		1		169230		0.0963		0.1148		0.1548		0.1339		0.139		0.147		0.1144		0.0998		
494 >>		6-5-5-4-3-3-3:		420		1		169650		0.1049		0.1269		0.1534		0.1415		0.1326		0.1706		0.1269		0.0432		
495 >>		6-5-5-4-4-1-1:		630		1		170280		0		0		0.137		0.1492		0.1908		0.1624		0.1875		0.1731		
496 >>		6-5-5-4-4-2-1:		1260		1		171540		0		0.0766		0.1388		0.1604		0.1583		0.1489		0.1557		0.1613		
497 >>		6-5-5-4-4-2-2:		630		1		172170		0.0738		0.1157		0.1486		0.1569		0.1499		0.1388		0.1229		0.0934		
498 >>		6-5-5-4-4-3-1:		1260		1		173430		0		0.1336		0.1435		0.1867		0.1556		0.1478		0.1166		0.1162		
499 >>		6-5-5-4-4-3-2:		1260		1		174690		0.1162		0.1361		0.1753		0.1439		0.1512		0.1054		0.0892		0.0827		
500 >>		6-5-5-4-4-3-3:		630		1		175320		0.125		0.1381		0.1876		0.1446		0.1546		0.1132		0.0987		0.0382		
501 >>		6-5-5-4-4-4-1:		420		1		175740		0		0.1372		0.1516		0.1852		0.16		0.1809		0.1322		0.0529		
502 >>		6-5-5-4-4-4-2:		420		1		176160		0.1228		0.1452		0.1876		0.1511		0.1579		0.122		0.0754		0.038		
503 >>		6-5-5-4-4-4-3:		420		1		176580		0.135		0.1511		0.1902		0.1587		0.1735		0.1245		0.0463		0.0207		
504 >>		6-5-5-4-4-4-4:		105		1		176685		0.1463		0.1501		0.1974		0.1585		0.1743		0.1225		0.0436		0.0073		
505 >>		6-5-5-5-1-1-1:		140		1		176825		0		0		0		0.1632		0.1813		0.2598		0.2373		0.1584		
506 >>		6-5-5-5-2-1-1:		420		1		177245		0		0		0.0316		0.1483		0.1734		0.2461		0.2351		0.1655		
507 >>		6-5-5-5-2-2-1:		420		1		177665		0		0.0326		0.0688		0.1562		0.179		0.2195		0.2032		0.1407		
508 >>		6-5-5-5-2-2-2:		140		1		177805		0.034		0.0726		0.1315		0.1719		0.1861		0.1867		0.1425		0.0747		
509 >>		6-5-5-5-3-1-1:		420		1		178225		0		0		0.1151		0.1555		0.1988		0.2113		0.1747		0.1446		
510 >>		6-5-5-5-3-2-1:		840		1		179065		0		0.0738		0.1106		0.1647		0.1738		0.1817		0.16		0.1354		
511 >>		6-5-5-5-3-2-2:		420		1		179485		0.0704		0.105		0.1495		0.1577		0.1611		0.1566		0.1256		0.0741		
512 >>		6-5-5-5-3-3-1:		420		1		179905		0		0.1075		0.1335		0.1897		0.1843		0.1542		0.1356		0.0952		
513 >>		6-5-5-5-3-3-2:		420		1		180325		0.1096		0.1245		0.1754		0.1691		0.1439		0.1243		0.0921		0.0611		
514 >>		6-5-5-5-3-3-3:		140		1		180465		0.1119		0.1347		0.1837		0.1784		0.1586		0.121		0.0842		0.0275		
515 >>		6-5-5-5-4-1-1:		420		1		180885		0		0		0.1533		0.1724		0.2375		0.2058		0.113		0.118		
516 >>		6-5-5-5-4-2-1:		840		1		181725		0		0.0817		0.1576		0.1841		0.2002		0.1674		0.1047		0.1043		
517 >>		6-5-5-5-4-2-2:		420		1		182145		0.0843		0.1255		0.1758		0.1882		0.1575		0.1213		0.0872		0.0602		
518 >>		6-5-5-5-4-3-1:		840		1		182985		0		0.1493		0.1649		0.211		0.1844		0.1122		0.0924		0.0858		
519 >>		6-5-5-5-4-3-2:		840		1		183825		0.1243		0.1544		0.2122		0.1779		0.1189		0.0904		0.072		0.0499		
520 >>		6-5-5-5-4-3-3:		420		1		184245		0.1433		0.1693		0.22		0.1824		0.1089		0.0838		0.0664		0.0259		
521 >>		6-5-5-5-4-4-1:		420		1		184665		0		0.1605		0.1721		0.2457		0.191		0.1065		0.0828		0.0414		
522 >>		6-5-5-5-4-4-2:		420		1		185085		0.131		0.1638		0.2154		0.195		0.1222		0.0906		0.0547		0.0273		
523 >>		6-5-5-5-4-4-3:		420		1		185505		0.1603		0.1689		0.2339		0.197		0.1046		0.0831		0.035		0.0172		
524 >>		6-5-5-5-4-4-4:		140		1		185645		0.1567		0.1746		0.2395		0.2001		0.1091		0.0784		0.0363		0.0053		
525 >>		6-5-5-5-5-1-1:		105		1		185750		0		0		0.1612		0.1721		0.2673		0.2346		0.1237		0.0411		
526 >>		6-5-5-5-5-2-1:		210		1		185960		0		0.0829		0.1544		0.1923		0.2314		0.1945		0.1073		0.0372		
527 >>		6-5-5-5-5-2-2:		105		1		186065		0.0775		0.1298		0.182		0.206		0.1834		0.1262		0.0689		0.0262		
528 >>		6-5-5-5-5-3-1:		210		1		186275		0		0.1436		0.1671		0.2409		0.2088		0.1385		0.0702		0.0309		
529 >>		6-5-5-5-5-3-2:		210		1		186485		0.1264		0.155		0.2178		0.205		0.1336		0.086		0.0512		0.025		
530 >>		6-5-5-5-5-3-3:		105		1		186590		0.1477		0.1698		0.2351		0.2012		0.1263		0.0686		0.0389		0.0124		
531 >>		6-5-5-5-5-4-1:		210		1		186800		0		0.1664		0.1852		0.251		0.2241		0.1139		0.0378		0.0216		
532 >>		6-5-5-5-5-4-2:		210		1		187010		0.1294		0.17		0.2334		0.2196		0.1404		0.061		0.0298		0.0164		
533 >>		6-5-5-5-5-4-3:		210		1		187220		0.1603		0.1787		0.2522		0.2231		0.1088		0.0415		0.0257		0.0097		
534 >>		6-5-5-5-5-4-4:		105		1		187325		0.1633		0.1751		0.2587		0.2261		0.1147		0.0364		0.0209		0.0048		
535 >>		6-5-5-5-5-5-1:		42		1		187367		0		0.1649		0.1768		0.2683		0.228		0.1181		0.0379		0.006		
536 >>		6-5-5-5-5-5-2:		42		1		187409		0.1378		0.1687		0.2335		0.2234		0.1409		0.0677		0.0233		0.0047		
537 >>		6-5-5-5-5-5-3:		42		1		187451		0.1612		0.1817		0.2515		0.2287		0.1165		0.0452		0.0117		0.0035		
538 >>		6-5-5-5-5-5-4:		42		1		187493		0.1624		0.1834		0.2546		0.2364		0.1163		0.0381		0.0075		0.0013		
539 >>		6-5-5-5-5-5-5:		7		1		187500		0.164		0.1741		0.2655		0.2342		0.1189		0.0351		0.0074		0.0008		
540 >>		6-6-1-1-1-1-1:		21		1		187521		0		0		0		0		0		0.2684		0.3916		0.34		
541 >>		6-6-2-1-1-1-1:		105		1		187626		0		0		0		0		0.0012		0.2809		0.3824		0.3355		
542 >>		6-6-2-2-1-1-1:		210		1		187836		0		0		0		0.0012		0.0076		0.2722		0.3902		0.3288		
543 >>		6-6-2-2-2-1-1:		210		1		188046		0		0		0.0015		0.0096		0.0399		0.2738		0.3697		0.3055		
544 >>		6-6-2-2-2-2-1:		105		1		188151		0		0.0014		0.0089		0.0396		0.1116		0.2616		0.317		0.2599		
545 >>		6-6-2-2-2-2-2:		21		1		188172		0.0016		0.0107		0.039		0.1143		0.2094		0.2792		0.2331		0.1127		
546 >>		6-6-3-1-1-1-1:		105		1		188277		0		0		0		0		0.0288		0.2693		0.3745		0.3274		
547 >>		6-6-3-2-1-1-1:		420		1		188697		0		0		0		0.0069		0.0304		0.2647		0.3752		0.3228		
548 >>		6-6-3-2-2-1-1:		630		1		189327		0		0		0.0051		0.0145		0.0471		0.2561		0.3647		0.3125		
549 >>		6-6-3-2-2-2-1:		420		1		189747		0		0.0052		0.0168		0.0407		0.1042		0.2627		0.3237		0.2467		
550 >>		6-6-3-2-2-2-2:		105		1		189852		0.0054		0.0186		0.0411		0.1042		0.2056		0.2706		0.2424		0.1121		
551 >>		6-6-3-3-1-1-1:		210		1		190062		0		0		0		0.0258		0.0693		0.2519		0.3435		0.3095		
552 >>		6-6-3-3-2-1-1:		630		1		190692		0		0		0.015		0.0402		0.0746		0.2386		0.326		0.3056		
553 >>		6-6-3-3-2-2-1:		630		1		191322		0		0.0158		0.0315		0.0627		0.1114		0.2431		0.2895		0.246		
554 >>		6-6-3-3-2-2-2:		210		1		191532		0.0152		0.0323		0.0589		0.1067		0.1932		0.2525		0.2236		0.1176		
555 >>		6-6-3-3-3-1-1:		210		1		191742		0		0		0.0264		0.0719		0.1354		0.2466		0.2788		0.2409		
556 >>		6-6-3-3-3-2-1:		420		1		192162		0		0.0218		0.0582		0.0948		0.1464		0.2197		0.2421		0.217		
557 >>		6-6-3-3-3-2-2:		210		1		192372		0.0213		0.0542		0.0973		0.135		0.1772		0.214		0.193		0.108		
558 >>		6-6-3-3-3-3-1:		105		1		192477		0		0.025		0.0699		0.1357		0.1937		0.2364		0.2107		0.1286		
559 >>		6-6-3-3-3-3-2:		105		1		192582		0.0255		0.0686		0.1239		0.1817		0.207		0.1872		0.1245		0.0816		
560 >>		6-6-3-3-3-3-3:		21		1		192603		0.0272		0.0726		0.1342		0.1992		0.2329		0.1904		0.11		0.0335		
561 >>		6-6-4-1-1-1-1:		105		1		192708		0		0		0		0		0.1175		0.2462		0.3194		0.3169		
562 >>		6-6-4-2-1-1-1:		420		1		193128		0		0		0		0.0071		0.1136		0.2513		0.3241		0.3039		
563 >>		6-6-4-2-2-1-1:		630		1		193758		0		0		0.0093		0.027		0.1126		0.2368		0.3152		0.2991		
564 >>		6-6-4-2-2-2-1:		420		1		194178		0		0.0102		0.0297		0.067		0.1303		0.2467		0.2743		0.2418		
565 >>		6-6-4-2-2-2-2:		105		1		194283		0.0066		0.0304		0.0689		0.1258		0.1845		0.2427		0.2285		0.1126		
566 >>		6-6-4-3-1-1-1:		420		1		194703		0		0		0		0.0624		0.112		0.2206		0.303		0.302		
567 >>		6-6-4-3-2-1-1:		1260		1		195963		0		0		0.0278		0.0602		0.1092		0.2178		0.2949		0.2901		
568 >>		6-6-4-3-2-2-1:		1260		1		197223		0		0.0257		0.051		0.0776		0.1212		0.2116		0.2709		0.242		
569 >>		6-6-4-3-2-2-2:		420		1		197643		0.0265		0.0512		0.0742		0.1161		0.1765		0.2331		0.2073		0.1151		
570 >>		6-6-4-3-3-1-1:		630		1		198273		0		0		0.0633		0.0948		0.1225		0.2131		0.2635		0.2428		
571 >>		6-6-4-3-3-2-1:		1260		1		199533		0		0.0499		0.0777		0.1021		0.1345		0.1964		0.2247		0.2147		
572 >>		6-6-4-3-3-2-2:		630		1		200163		0.0446		0.0724		0.0918		0.1289		0.1606		0.2022		0.1903		0.1092		
573 >>		6-6-4-3-3-3-1:		420		1		200583		0		0.0628		0.092		0.1272		0.175		0.2228		0.1964		0.1238		
574 >>		6-6-4-3-3-3-2:		420		1		201003		0.0572		0.0942		0.1119		0.1602		0.1807		0.1846		0.1294		0.0818		
575 >>		6-6-4-3-3-3-3:		105		1		201108		0.0667		0.0984		0.1227		0.1752		0.205		0.1888		0.1085		0.0347		
576 >>		6-6-4-4-1-1-1:		210		1		201318		0		0		0		0.1158		0.1671		0.2204		0.25		0.2467		
577 >>		6-6-4-4-2-1-1:		630		1		201948		0		0		0.0295		0.1183		0.1593		0.2161		0.2445		0.2323		
578 >>		6-6-4-4-2-2-1:		630		1		202578		0		0.0328		0.0652		0.1213		0.1566		0.198		0.2253		0.2008		
579 >>		6-6-4-4-2-2-2:		210		1		202788		0.0272		0.0728		0.1132		0.1356		0.1791		0.1992		0.1727		0.1002		
580 >>		6-6-4-4-3-1-1:		630		1		203418		0		0		0.1007		0.1385		0.1602		0.1869		0.2069		0.2068		
581 >>		6-6-4-4-3-2-1:		1260		1		204678		0		0.0684		0.1076		0.1285		0.1473		0.1793		0.1884		0.1805		
582 >>		6-6-4-4-3-2-2:		630		1		205308		0.0668		0.1012		0.1194		0.1373		0.1473		0.1685		0.1605		0.099		
583 >>		6-6-4-4-3-3-1:		630		1		205938		0		0.0963		0.134		0.148		0.1602		0.1709		0.1716		0.119		
584 >>		6-6-4-4-3-3-2:		630		1		206568		0.087		0.1272		0.1403		0.1491		0.1494		0.1529		0.1202		0.0739		
585 >>		6-6-4-4-3-3-3:		210		1		206778		0.099		0.1335		0.1488		0.1537		0.1634		0.1613		0.107		0.0333		
586 >>		6-6-4-4-4-1-1:		210		1		206988		0		0		0.1173		0.1699		0.1919		0.206		0.183		0.1319		
587 >>		6-6-4-4-4-2-1:		420		1		207408		0		0.0665		0.1332		0.159		0.1816		0.1822		0.1533		0.1242		
588 >>		6-6-4-4-4-2-2:		210		1		207618		0.0657		0.1149		0.1548		0.167		0.1644		0.1461		0.122		0.0651		
589 >>		6-6-4-4-4-3-1:		420		1		208038		0		0.1127		0.1617		0.1741		0.1796		0.1648		0.1151		0.092		
590 >>		6-6-4-4-4-3-2:		420		1		208458		0.1071		0.1547		0.1644		0.1662		0.1491		0.1113		0.0843		0.0629		
591 >>		6-6-4-4-4-3-3:		210		1		208668		0.1132		0.1585		0.1761		0.1794		0.1562		0.1065		0.0824		0.0277		
592 >>		6-6-4-4-4-4-1:		105		1		208773		0		0.1189		0.1702		0.1973		0.2039		0.1689		0.0999		0.0409		
593 >>		6-6-4-4-4-4-2:		105		1		208878		0.1025		0.1548		0.178		0.1893		0.1674		0.112		0.0641		0.0319		
594 >>		6-6-4-4-4-4-3:		105		1		208983		0.1151		0.1746		0.1953		0.1926		0.1725		0.0947		0.0387		0.0165		
595 >>		6-6-4-4-4-4-4:		21		1		209004		0.119		0.1677		0.2018		0.1987		0.1635		0.1034		0.0388		0.0071		
596 >>		6-6-5-1-1-1-1:		105		1		209109		0		0		0		0		0.245		0.2899		0.2105		0.2546		
597 >>		6-6-5-2-1-1-1:		420		1		209529		0		0		0		0.0087		0.2369		0.2943		0.2094		0.2507		
598 >>		6-6-5-2-2-1-1:		630		1		210159		0		0		0.0104		0.0379		0.2279		0.279		0.2046		0.2402		
599 >>		6-6-5-2-2-2-1:		420		1		210579		0		0.0088		0.0337		0.1046		0.2187		0.2396		0.1932		0.2014		
600 >>		6-6-5-2-2-2-2:		105		1		210684		0.009		0.0359		0.0968		0.1797		0.2122		0.1926		0.1709		0.1029		
601 >>		6-6-5-3-1-1-1:		420		1		211104		0		0		0		0.0753		0.2242		0.2538		0.2003		0.2464		
602 >>		6-6-5-3-2-1-1:		1260		1		212364		0		0		0.0297		0.0815		0.2064		0.2448		0.1973		0.2403		
603 >>		6-6-5-3-2-2-1:		1260		1		213624		0		0.0289		0.0567		0.1025		0.1969		0.2263		0.1902		0.1985		
604 >>		6-6-5-3-2-2-2:		420		1		214044		0.0306		0.06		0.1013		0.1577		0.1914		0.184		0.1726		0.1024		
605 >>		6-6-5-3-3-1-1:		630		1		214674		0		0		0.0829		0.1363		0.1957		0.2082		0.1834		0.1935		
606 >>		6-6-5-3-3-2-1:		1260		1		215934		0		0.0566		0.1062		0.1235		0.1746		0.1903		0.1696		0.1792		
607 >>		6-6-5-3-3-2-2:		630		1		216564		0.0572		0.0957		0.1186		0.1439		0.1738		0.1678		0.1535		0.0895		
608 >>		6-6-5-3-3-3-1:		420		1		216984		0		0.0746		0.1339		0.167		0.1818		0.1739		0.1566		0.1122		
609 >>		6-6-5-3-3-3-2:		420		1		217404		0.079		0.1267		0.1566		0.1588		0.16		0.1453		0.1037		0.0699		
610 >>		6-6-5-3-3-3-3:		105		1		217509		0.0766		0.1439		0.1653		0.1728		0.1563		0.1556		0.0994		0.0301		
611 >>		6-6-5-4-1-1-1:		420		1		217929		0		0		0		0.1878		0.2399		0.1792		0.1803		0.2128		
612 >>		6-6-5-4-2-1-1:		1260		1		219189		0		0		0.0348		0.1825		0.2236		0.1818		0.1649		0.2124		
613 >>		6-6-5-4-2-2-1:		1260		1		220449		0		0.0373		0.0945		0.1763		0.1861		0.1658		0.16		0.18		
614 >>		6-6-5-4-2-2-2:		420		1		220869		0.0374		0.0951		0.1422		0.1687		0.1612		0.1532		0.1511		0.0911		
615 >>		6-6-5-4-3-1-1:		1260		1		222129		0		0		0.1407		0.1997		0.1613		0.1583		0.1481		0.1919		
616 >>		6-6-5-4-3-2-1:		2520		1		224649		0		0.0914		0.1439		0.1534		0.152		0.1482		0.1404		0.1707		
617 >>		6-6-5-4-3-2-2:		1260		1		225909		0.0904		0.1316		0.1412		0.1383		0.14		0.1371		0.1301		0.0913		
618 >>		6-6-5-4-3-3-1:		1260		1		227169		0		0.1381		0.1932		0.1458		0.1417		0.1403		0.1319		0.109		
619 >>		6-6-5-4-3-3-2:		1260		1		228429		0.1228		0.1732		0.1425		0.1349		0.1315		0.1285		0.0972		0.0694		
620 >>		6-6-5-4-3-3-3:		420		1		228849		0.1482		0.1825		0.1428		0.139		0.1341		0.1312		0.0926		0.0296		
621 >>		6-6-5-4-4-1-1:		630		1		229479		0		0		0.1898		0.2355		0.1641		0.1429		0.1514		0.1163		
622 >>		6-6-5-4-4-2-1:		1260		1		230739		0		0.0991		0.1945		0.1801		0.1464		0.137		0.1297		0.1132		
623 >>		6-6-5-4-4-2-2:		630		1		231369		0.0969		0.1632		0.1655		0.1512		0.1323		0.1173		0.1057		0.0679		
624 >>		6-6-5-4-4-3-1:		1260		1		232629		0		0.179		0.2168		0.1485		0.1392		0.1366		0.0952		0.0847		
625 >>		6-6-5-4-4-3-2:		1260		1		233889		0.1473		0.2052		0.1556		0.1335		0.1279		0.0973		0.0781		0.0551		
626 >>		6-6-5-4-4-3-3:		630		1		234519		0.1788		0.2132		0.1531		0.1379		0.125		0.0918		0.0725		0.0277		
627 >>		6-6-5-4-4-4-1:		420		1		234939		0		0.1858		0.23		0.168		0.1379		0.1379		0.103		0.0374		
628 >>		6-6-5-4-4-4-2:		420		1		235359		0.1562		0.2123		0.1652		0.1404		0.1322		0.1053		0.0569		0.0315		
629 >>		6-6-5-4-4-4-3:		420		1		235779		0.1798		0.2272		0.1598		0.1388		0.1462		0.0931		0.0395		0.0156		
630 >>		6-6-5-4-4-4-4:		105		1		235884		0.198		0.2303		0.156		0.1409		0.1381		0.0934		0.0366		0.0067		
631 >>		6-6-5-5-1-1-1:		210		1		236094		0		0		0		0.2339		0.2872		0.1865		0.1698		0.1226		
632 >>		6-6-5-5-2-1-1:		630		1		236724		0		0		0.0362		0.232		0.2734		0.1783		0.1587		0.1214		
633 >>		6-6-5-5-2-2-1:		630		1		237354		0		0.0388		0.1087		0.2241		0.2224		0.1561		0.1424		0.1075		
634 >>		6-6-5-5-2-2-2:		210		1		237564		0.0384		0.1052		0.1783		0.2004		0.1712		0.1401		0.1087		0.0577		
635 >>		6-6-5-5-3-1-1:		630		1		238194		0		0		0.1484		0.2447		0.2035		0.158		0.1365		0.1089		
636 >>		6-6-5-5-3-2-1:		1260		1		239454		0		0.0957		0.1638		0.1947		0.1905		0.1363		0.1154		0.1036		
637 >>		6-6-5-5-3-2-2:		630		1		240084		0.094		0.1445		0.1619		0.1778		0.1524		0.1148		0.0954		0.0592		
638 >>		6-6-5-5-3-3-1:		630		1		240714		0		0.1488		0.2163		0.1773		0.1563		0.1236		0.1052		0.0725		
639 >>		6-6-5-5-3-3-2:		630		1		241344		0.1357		0.1965		0.1653		0.1549		0.1221		0.1043		0.0711		0.0501		
640 >>		6-6-5-5-3-3-3:		210		1		241554		0.1564		0.2118		0.1697		0.1548		0.1212		0.0997		0.0672		0.0192		
641 >>		6-6-5-5-4-1-1:		630		1		242184		0		0		0.2175		0.2682		0.1734		0.1451		0.1056		0.0902		
642 >>		6-6-5-5-4-2-1:		1260		1		243444		0		0.1097		0.2318		0.2138		0.1506		0.1244		0.0867		0.083		
643 >>		6-6-5-5-4-2-2:		630		1		244074		0.1042		0.1865		0.1953		0.1656		0.1274		0.0944		0.0788		0.0478		
644 >>		6-6-5-5-4-3-1:		1260		1		245334		0		0.2107		0.2516		0.1663		0.139		0.0971		0.0739		0.0614		
645 >>		6-6-5-5-4-3-2:		1260		1		246594		0.1817		0.2336		0.1659		0.1437		0.1023		0.0764		0.0562		0.0402		
646 >>		6-6-5-5-4-3-3:		630		1		247224		0.2058		0.251		0.1688		0.1424		0.0898		0.0673		0.0531		0.0218		
647 >>		6-6-5-5-4-4-1:		630		1		247854		0		0.2319		0.2732		0.1631		0.1388		0.0881		0.0695		0.0354		
648 >>		6-6-5-5-4-4-2:		630		1		248484		0.1877		0.2457		0.178		0.1457		0.0984		0.0754		0.0445		0.0246		
649 >>		6-6-5-5-4-4-3:		630		1		249114		0.2263		0.2681		0.1646		0.1386		0.091		0.0682		0.0272		0.016		
650 >>		6-6-5-5-4-4-4:		210		1		249324		0.227		0.2679		0.1698		0.1424		0.0916		0.0653		0.0297		0.0063		
651 >>		6-6-5-5-5-1-1:		210		1		249534		0		0		0.2339		0.2854		0.1796		0.1616		0.1015		0.038		
652 >>		6-6-5-5-5-2-1:		420		1		249954		0		0.1085		0.2394		0.2263		0.1682		0.1374		0.0841		0.0361		
653 >>		6-6-5-5-5-2-2:		210		1		250164		0.108		0.2041		0.2048		0.1796		0.1307		0.0978		0.052		0.023		
654 >>		6-6-5-5-5-3-1:		420		1		250584		0		0.2027		0.2717		0.1834		0.1559		0.0984		0.055		0.0329		
655 >>		6-6-5-5-5-3-2:		420		1		251004		0.1811		0.2419		0.1869		0.1568		0.1072		0.0691		0.0382		0.0188		
656 >>		6-6-5-5-5-3-3:		210		1		251214		0.2145		0.2622		0.1804		0.1483		0.0947		0.0567		0.0311		0.0121		
657 >>		6-6-5-5-5-4-1:		420		1		251634		0		0.2384		0.2881		0.1721		0.1527		0.0936		0.0349		0.0202		
658 >>		6-6-5-5-5-4-2:		420		1		252054		0.188		0.2735		0.1909		0.154		0.0985		0.055		0.0265		0.0136		
659 >>		6-6-5-5-5-4-3:		420		1		252474		0.2301		0.2802		0.1783		0.1553		0.0916		0.037		0.0196		0.0079		
660 >>		6-6-5-5-5-4-4:		210		1		252684		0.2367		0.2824		0.1767		0.1618		0.0873		0.0337		0.0175		0.0039		
661 >>		6-6-5-5-5-5-1:		105		1		252789		0		0.2357		0.2921		0.1821		0.1594		0.0944		0.0298		0.0065		
662 >>		6-6-5-5-5-5-2:		105		1		252894		0.1922		0.2661		0.1953		0.1593		0.1109		0.0535		0.018		0.0047		
663 >>		6-6-5-5-5-5-3:		105		1		252999		0.2298		0.2924		0.1759		0.1571		0.0905		0.0395		0.0105		0.0043		
664 >>		6-6-5-5-5-5-4:		105		1		253104		0.2463		0.2814		0.1768		0.1601		0.097		0.0288		0.0079		0.0017		
665 >>		6-6-5-5-5-5-5:		21		1		253125		0.2372		0.2858		0.1872		0.1624		0.0903		0.0312		0.0058		0.0001		
666 >>		6-6-6-1-1-1-1:		35		1		253160		0		0		0		0		0.2827		0.3946		0.2241		0.0986		
667 >>		6-6-6-2-1-1-1:		140		1		253300		0		0		0		0.0096		0.271		0.3844		0.2387		0.0963		
668 >>		6-6-6-2-2-1-1:		210		1		253510		0		0		0.0076		0.0378		0.2712		0.3604		0.2209		0.1021		
669 >>		6-6-6-2-2-2-1:		140		1		253650		0		0.0076		0.0374		0.109		0.273		0.305		0.1898		0.0782		
670 >>		6-6-6-2-2-2-2:		35		1		253685		0.0096		0.0399		0.1059		0.2035		0.2677		0.216		0.1178		0.0396		
671 >>		6-6-6-3-1-1-1:		140		1		253825		0		0		0		0.0851		0.2657		0.3428		0.2167		0.0897		
672 >>		6-6-6-3-2-1-1:		420		1		254245		0		0		0.0328		0.0843		0.2503		0.3348		0.2044		0.0934		
673 >>		6-6-6-3-2-2-1:		420		1		254665		0		0.0311		0.0666		0.1165		0.2448		0.2817		0.1817		0.0776		
674 >>		6-6-6-3-2-2-2:		140		1		254805		0.0342		0.0674		0.1091		0.1946		0.2375		0.2073		0.1079		0.042		
675 >>		6-6-6-3-3-1-1:		210		1		255015		0		0		0.0781		0.1486		0.2511		0.2628		0.1749		0.0845		
676 >>		6-6-6-3-3-2-1:		420		1		255435		0		0.0567		0.1169		0.1508		0.2241		0.2322		0.1466		0.0727		
677 >>		6-6-6-3-3-2-2:		210		1		255645		0.0601		0.1073		0.139		0.1704		0.1993		0.1793		0.1032		0.0414		
678 >>		6-6-6-3-3-3-1:		140		1		255785		0		0.0851		0.1543		0.198		0.2248		0.1786		0.1103		0.0489		
679 >>		6-6-6-3-3-3-2:		140		1		255925		0.0775		0.1351		0.1788		0.1936		0.1769		0.1288		0.0749		0.0344		
680 >>		6-6-6-3-3-3-3:		35		1		255960		0.0827		0.1478		0.2008		0.2159		0.1735		0.1114		0.0544		0.0135		
681 >>		6-6-6-4-1-1-1:		140		1		256100		0		0		0		0.2065		0.2923		0.2537		0.1621		0.0854		
682 >>		6-6-6-4-2-1-1:		420		1		256520		0		0		0.041		0.197		0.2682		0.2351		0.1684		0.0903		
683 >>		6-6-6-4-2-2-1:		420		1		256940		0		0.0423		0.0985		0.1904		0.2349		0.2124		0.1458		0.0757		
684 >>		6-6-6-4-2-2-2:		140		1		257080		0.0381		0.0919		0.164		0.2035		0.202		0.1609		0.1019		0.0377		
685 >>		6-6-6-4-3-1-1:		420		1		257500		0		0		0.1427		0.2119		0.2284		0.2005		0.1416		0.0749		
686 >>		6-6-6-4-3-2-1:		840		1		258340		0		0.0978		0.1583		0.1715		0.1863		0.1879		0.1336		0.0646		
687 >>		6-6-6-4-3-2-2:		420		1		258760		0.093		0.1554		0.1488		0.162		0.1706		0.1403		0.0928		0.0371		
688 >>		6-6-6-4-3-3-1:		420		1		259180		0		0.1471		0.1978		0.1857		0.172		0.1434		0.104		0.05		
689 >>		6-6-6-4-3-3-2:		420		1		259600		0.1391		0.1849		0.1669		0.1504		0.1369		0.1157		0.0753		0.0308		
690 >>		6-6-6-4-3-3-3:		140		1		259740		0.1442		0.1969		0.1754		0.1704		0.1483		0.0975		0.0527		0.0146		
691 >>		6-6-6-4-4-1-1:		210		1		259950		0		0		0.1972		0.2663		0.2171		0.1655		0.0997		0.0542		
692 >>		6-6-6-4-4-2-1:		420		1		260370		0		0.103		0.2047		0.2214		0.1797		0.1433		0.0904		0.0575		
693 >>		6-6-6-4-4-2-2:		210		1		260580		0.1007		0.1882		0.1952		0.1736		0.1408		0.103		0.0697		0.0288		
694 >>		6-6-6-4-4-3-1:		420		1		261000		0		0.1853		0.2495		0.1995		0.1454		0.1099		0.0686		0.0418		
695 >>		6-6-6-4-4-3-2:		420		1		261420		0.164		0.2278		0.1886		0.1397		0.1169		0.0839		0.0504		0.0287		
696 >>		6-6-6-4-4-3-3:		210		1		261630		0.1923		0.2478		0.1835		0.1418		0.1067		0.0726		0.0439		0.0114		
697 >>		6-6-6-4-4-4-1:		140		1		261770		0		0.1966		0.268		0.2129		0.1472		0.1017		0.0527		0.0209		
698 >>		6-6-6-4-4-4-2:		140		1		261910		0.1738		0.2403		0.2036		0.1514		0.1122		0.0667		0.036		0.016		
699 >>		6-6-6-4-4-4-3:		140		1		262050		0.2003		0.263		0.2026		0.1476		0.0972		0.0575		0.0238		0.008		
700 >>		6-6-6-4-4-4-4:		35		1		262085		0.2002		0.2663		0.2081		0.1529		0.0981		0.0516		0.0203		0.0025		
701 >>		6-6-6-5-1-1-1:		140		1		262225		0		0		0		0.2724		0.3577		0.2099		0.0906		0.0694		
702 >>		6-6-6-5-2-1-1:		420		1		262645		0		0		0.0395		0.2714		0.3359		0.2021		0.0904		0.0607		
703 >>		6-6-6-5-2-2-1:		420		1		263065		0		0.0405		0.1101		0.2656		0.2816		0.1654		0.0854		0.0514		
704 >>		6-6-6-5-2-2-2:		140		1		263205		0.0435		0.1114		0.2047		0.2474		0.1936		0.1125		0.057		0.0299		
705 >>		6-6-6-5-3-1-1:		420		1		263625		0		0		0.1644		0.2738		0.2604		0.1602		0.0821		0.0591		
706 >>		6-6-6-5-3-2-1:		840		1		264465		0		0.0971		0.182		0.2283		0.2276		0.1376		0.0739		0.0535		
707 >>		6-6-6-5-3-2-2:		420		1		264885		0.0988		0.1677		0.1917		0.1907		0.1591		0.0994		0.0591		0.0335		
708 >>		6-6-6-5-3-3-1:		420		1		265305		0		0.1613		0.2469		0.2169		0.1636		0.1061		0.0652		0.04		
709 >>		6-6-6-5-3-3-2:		420		1		265725		0.1467		0.2276		0.1974		0.1595		0.1197		0.0805		0.0427		0.0259		
710 >>		6-6-6-5-3-3-3:		140		1		265865		0.1624		0.2492		0.2104		0.1591		0.1042		0.0643		0.0394		0.011		
711 >>		6-6-6-5-4-1-1:		420		1		266285		0		0		0.2451		0.3322		0.2045		0.1028		0.0658		0.0496		
712 >>		6-6-6-5-4-2-1:		840		1		267125		0		0.1129		0.2566		0.262		0.1665		0.095		0.0645		0.0425		
713 >>		6-6-6-5-4-2-2:		420		1		267545		0.1227		0.2169		0.233		0.1708		0.1079		0.0719		0.0522		0.0246		
714 >>		6-6-6-5-4-3-1:		840		1		268385		0		0.2236		0.3062		0.1966		0.1138		0.0783		0.0504		0.0311		
715 >>		6-6-6-5-4-3-2:		840		1		269225		0.1939		0.2679		0.2009		0.1234		0.0857		0.0605		0.0435		0.0242		
716 >>		6-6-6-5-4-3-3:		420		1		269645		0.2241		0.2912		0.2003		0.1097		0.0795		0.0494		0.0336		0.0122		
717 >>		6-6-6-5-4-4-1:		420		1		270065		0		0.2412		0.3311		0.2032		0.0918		0.0673		0.0458		0.0196		
718 >>		6-6-6-5-4-4-2:		420		1		270485		0.2012		0.3053		0.2164		0.1144		0.0698		0.0516		0.0281		0.0132		
719 >>		6-6-6-5-4-4-3:		420		1		270905		0.2482		0.3335		0.1887		0.0958		0.0637		0.0408		0.0202		0.0091		
720 >>		6-6-6-5-4-4-4:		140		1		271045		0.2374		0.3373		0.1964		0.0979		0.0632		0.0442		0.02		0.0036		
721 >>		6-6-6-5-5-1-1:		210		1		271255		0		0		0.2763		0.3578		0.2111		0.0834		0.049		0.0224		
722 >>		6-6-6-5-5-2-1:		420		1		271675		0		0.1169		0.2827		0.2855		0.166		0.0786		0.0452		0.0251		
723 >>		6-6-6-5-5-2-2:		210		1		271885		0.1134		0.2355		0.2593		0.1852		0.1094		0.0515		0.0323		0.0134		
724 >>		6-6-6-5-5-3-1:		420		1		272305		0		0.2307		0.3221		0.2202		0.1058		0.0639		0.0355		0.0218		
725 >>		6-6-6-5-5-3-2:		420		1		272725		0.2031		0.2846		0.2192		0.127		0.083		0.0436		0.0256		0.0139		
726 >>		6-6-6-5-5-3-3:		210		1		272935		0.2325		0.3142		0.2128		0.1091		0.063		0.04		0.0203		0.0081		
727 >>		6-6-6-5-5-4-1:		420		1		273355		0		0.2639		0.3528		0.2056		0.0848		0.0547		0.0242		0.014		
728 >>		6-6-6-5-5-4-2:		420		1		273775		0.2156		0.3185		0.2314		0.113		0.0626		0.031		0.0177		0.0102		
729 >>		6-6-6-5-5-4-3:		420		1		274195		0.2609		0.3485		0.2062		0.0861		0.0555		0.0233		0.0146		0.0049		
730 >>		6-6-6-5-5-4-4:		210		1		274405		0.27		0.3425		0.206		0.0879		0.0551		0.0238		0.0116		0.0031		
731 >>		6-6-6-5-5-5-1:		140		1		274545		0		0.2686		0.3604		0.2135		0.0825		0.0495		0.0214		0.0041		
732 >>		6-6-6-5-5-5-2:		140		1		274685		0.2166		0.3227		0.2301		0.1144		0.0674		0.0339		0.0123		0.0026		
733 >>		6-6-6-5-5-5-3:		140		1		274825		0.2737		0.3442		0.2066		0.0878		0.0554		0.0225		0.0075		0.0023		
734 >>		6-6-6-5-5-5-4:		140		1		274965		0.2661		0.3643		0.2097		0.0851		0.0499		0.019		0.0052		0.0007		
735 >>		6-6-6-5-5-5-5:		35		1		275000		0.2635		0.3582		0.2172		0.0872		0.0496		0.0204		0.0034		0.0005		
736 >>		6-6-6-6-1-1-1:		35		1		275035		0		0		0		0.2725		0.4023		0.2313		0.0767		0.0172		
737 >>		6-6-6-6-2-1-1:		105		1		275140		0		0		0.041		0.2787		0.3607		0.2261		0.0748		0.0187		
738 >>		6-6-6-6-2-2-1:		105		1		275245		0		0.0429		0.1191		0.2744		0.2989		0.1808		0.0678		0.0161		
739 >>		6-6-6-6-2-2-2:		35		1		275280		0.0392		0.1122		0.2149		0.2582		0.2112		0.1185		0.0365		0.0093		
740 >>		6-6-6-6-3-1-1:		105		1		275385		0		0		0.1652		0.3006		0.28		0.1743		0.0636		0.0163		
741 >>		6-6-6-6-3-2-1:		210		1		275595		0		0.1017		0.1818		0.2423		0.2468		0.1492		0.0618		0.0164		
742 >>		6-6-6-6-3-2-2:		105		1		275700		0.1029		0.1667		0.2045		0.2055		0.1758		0.0962		0.04		0.0084		
743 >>		6-6-6-6-3-3-1:		105		1		275805		0		0.1626		0.2513		0.2448		0.1846		0.105		0.0399		0.0118		
744 >>		6-6-6-6-3-3-2:		105		1		275910		0.1459		0.2265		0.2185		0.1746		0.1286		0.069		0.0291		0.0078		
745 >>		6-6-6-6-3-3-3:		35		1		275945		0.1625		0.2442		0.2325		0.1787		0.1061		0.0565		0.0162		0.0033		
746 >>		6-6-6-6-4-1-1:		105		1		276050		0		0		0.2487		0.3558		0.2321		0.1075		0.0424		0.0135		
747 >>		6-6-6-6-4-2-1:		210		1		276260		0		0.1135		0.2696		0.2821		0.1823		0.0953		0.0445		0.0127		
748 >>		6-6-6-6-4-2-2:		105		1		276365		0.1131		0.2222		0.2431		0.1906		0.127		0.0645		0.0317		0.0078		
749 >>		6-6-6-6-4-3-1:		210		1		276575		0		0.2235		0.3048		0.2202		0.133		0.0727		0.0353		0.0105		
750 >>		6-6-6-6-4-3-2:		210		1		276785		0.192		0.278		0.2196		0.1285		0.0929		0.0551		0.0243		0.0096		
751 >>		6-6-6-6-4-3-3:		105		1		276890		0.2258		0.3065		0.2071		0.1251		0.075		0.0396		0.0162		0.0047		
752 >>		6-6-6-6-4-4-1:		105		1		276995		0		0.2466		0.3432		0.2137		0.1175		0.0504		0.022		0.0066		
753 >>		6-6-6-6-4-4-2:		105		1		277100		0.2169		0.3108		0.2216		0.1262		0.0666		0.0356		0.0179		0.0044		
754 >>		6-6-6-6-4-4-3:		105		1		277205		0.2515		0.3339		0.214		0.1084		0.0507		0.0279		0.0097		0.0039		
755 >>		6-6-6-6-4-4-4:		35		1		277240		0.2539		0.341		0.2197		0.1049		0.0504		0.0219		0.0071		0.0011		
756 >>		6-6-6-6-5-1-1:		105		1		277345		0		0		0.2758		0.3943		0.2277		0.0709		0.0212		0.0101		
757 >>		6-6-6-6-5-2-1:		210		1		277555		0		0.1228		0.2938		0.3097		0.1773		0.0681		0.0189		0.0094		
758 >>		6-6-6-6-5-2-2:		105		1		277660		0.1136		0.2352		0.2748		0.2076		0.1077		0.0398		0.0144		0.0069		
759 >>		6-6-6-6-5-3-1:		210		1		277870		0		0.247		0.3363		0.2342		0.1122		0.0452		0.0172		0.0079		
760 >>		6-6-6-6-5-3-2:		210		1		278080		0.2017		0.2958		0.2393		0.1455		0.0684		0.0318		0.0128		0.0047		
761 >>		6-6-6-6-5-3-3:		105		1		278185		0.2308		0.3325		0.2354		0.1173		0.0492		0.022		0.0103		0.0025		
762 >>		6-6-6-6-5-4-1:		210		1		278395		0		0.2679		0.3836		0.2246		0.0788		0.0258		0.0132		0.0061		
763 >>		6-6-6-6-5-4-2:		210		1		278605		0.2112		0.3441		0.2438		0.1209		0.0487		0.0177		0.0098		0.0038		
764 >>		6-6-6-6-5-4-3:		210		1		278815		0.2668		0.3747		0.2238		0.0804		0.0309		0.0149		0.0067		0.0018		
765 >>		6-6-6-6-5-4-4:		105		1		278920		0.2727		0.3822		0.2238		0.0762		0.0251		0.0128		0.0065		0.0007		
766 >>		6-6-6-6-5-5-1:		105		1		279025		0		0.2751		0.3889		0.222		0.0816		0.0202		0.0099		0.0023		
767 >>		6-6-6-6-5-5-2:		105		1		279130		0.2271		0.341		0.2502		0.1181		0.0415		0.013		0.0067		0.0024		
768 >>		6-6-6-6-5-5-3:		105		1		279235		0.2712		0.375		0.2241		0.0873		0.024		0.0115		0.0048		0.0021		
769 >>		6-6-6-6-5-5-4:		105		1		279340		0.2773		0.3838		0.2295		0.0752		0.0218		0.0086		0.0026		0.0012		
770 >>		6-6-6-6-5-5-5:		35		1		279375		0.2734		0.3804		0.2354		0.0787		0.0186		0.01		0.0034		0.0001		
771 >>		6-6-6-6-6-1-1:		21		1		279396		0		0		0.2813		0.3884		0.2355		0.0765		0.0163		0.002		
772 >>		6-6-6-6-6-2-1:		42		1		279438		0		0.1192		0.296		0.3203		0.1811		0.0671		0.0137		0.0026		
773 >>		6-6-6-6-6-2-2:		21		1		279459		0.1226		0.2375		0.2661		0.2102		0.1147		0.0384		0.0089		0.0016		
774 >>		6-6-6-6-6-3-1:		42		1		279501		0		0.2331		0.3455		0.2464		0.1222		0.0408		0.0103		0.0017		
775 >>		6-6-6-6-6-3-2:		42		1		279543		0.1987		0.3109		0.2435		0.1403		0.0691		0.0287		0.0079		0.0009		
776 >>		6-6-6-6-6-3-3:		21		1		279564		0.234		0.3406		0.2301		0.1186		0.0537		0.0186		0.0038		0.0006		
777 >>		6-6-6-6-6-4-1:		42		1		279606		0		0.277		0.3747		0.2317		0.0866		0.0225		0.006		0.0015		
778 >>		6-6-6-6-6-4-2:		42		1		279648		0.2133		0.3447		0.252		0.1206		0.0469		0.0165		0.0052		0.0008		
779 >>		6-6-6-6-6-4-3:		42		1		279690		0.267		0.3747		0.2244		0.0901		0.0298		0.0098		0.0035		0.0007		
780 >>		6-6-6-6-6-4-4:		21		1		279711		0.2685		0.3837		0.2276		0.0864		0.0233		0.0083		0.0018		0.0004		
781 >>		6-6-6-6-6-5-1:		42		1		279753		0		0.2777		0.3871		0.237		0.0774		0.0178		0.0021		0.0009		
782 >>		6-6-6-6-6-5-2:		42		1		279795		0.2145		0.346		0.2695		0.1198		0.0386		0.0091		0.0016		0.0009		
783 >>		6-6-6-6-6-5-3:		42		1		279837		0.2789		0.3771		0.2333		0.0824		0.0212		0.0053		0.0015		0.0003		
784 >>		6-6-6-6-6-5-4:		42		1		279879		0.284		0.3881		0.2274		0.0788		0.0165		0.004		0.0009		0.0003		
785 >>		6-6-6-6-6-5-5:		21		1		279900		0.2767		0.3909		0.235		0.078		0.015		0.0035		0.0007		0.0002		
786 >>		6-6-6-6-6-6-1:		7		1		279907		0		0.2744		0.3979		0.231		0.0793		0.0159		0.0013		0.0002		
787 >>		6-6-6-6-6-6-2:		7		1		279914		0.2189		0.344		0.2694		0.1195		0.0396		0.0075		0.0011		0		
788 >>		6-6-6-6-6-6-3:		7		1		279921		0.2692		0.3807		0.2357		0.0872		0.0228		0.0036		0.0008		0		
789 >>		6-6-6-6-6-6-4:		7		1		279928		0.2766		0.3909		0.235		0.0755		0.0195		0.0024		0.0001		0		
790 >>		6-6-6-6-6-6-5:		7		1		279935		0.2827		0.3875		0.2355		0.077		0.0146		0.0022		0.0004		0.0001		
791 >>		6-6-6-6-6-6-6:		1		1		279936		0.2763		0.3915		0.2359		0.079		0.0155		0.0018		0		0		

Total possible rolls: 279936
